time_stamp,e2_flux_ic,p2_flux_ic,p3_flux_ic,p4_flux_ic,p5_flux_ic,p6_flux_ic,p7_flux_ic,short,long
2011-09-20 04:00:00,85.188,0.17798,0.15244,0.071913,0.062145,0.059422,0.041425,6.823294117647058e-09,1.1936e-06
2011-09-20 04:01:00,87.27380000000001,0.172462,0.14692,0.0748852,0.065117,0.062394,0.037661,3.5331764705882356e-09,1.1846142857142858e-06
2011-09-20 04:02:00,89.3596,0.166944,0.1414,0.0778574,0.068089,0.065366,0.033897,3.828823529411765e-09,1.1894e-06
2011-09-20 04:03:00,91.4454,0.161426,0.13588,0.0808296,0.071061,0.068338,0.030133,3.376705882352941e-09,1.1808714285714289e-06
2011-09-20 04:04:00,93.5312,0.155908,0.13036,0.0838018,0.074033,0.07131,0.026369,3.807764705882353e-09,1.1754857142857144e-06
2011-09-20 04:05:00,95.617,0.15039,0.12484,0.086774,0.077005,0.074282,0.022605,2.2075294117647044e-09,1.180357142857143e-06
2011-09-20 04:06:00,97.9116,0.159796,0.120048,0.081469,0.071318,0.0684886,0.0229408,3.6931764705882355e-09,1.1870714285714285e-06
2011-09-20 04:07:00,100.2062,0.169202,0.115256,0.076164,0.065631,0.0626952,0.0232766,5.576e-09,1.2107e-06
2011-09-20 04:08:00,102.5008,0.178608,0.110464,0.070859,0.059944,0.0569018,0.0236124,6.632e-09,1.2200285714285715e-06
2011-09-20 04:09:00,104.7954,0.188014,0.105672,0.065554,0.054257,0.0511084,0.0239482,5.14e-09,1.212271428571429e-06
2011-09-20 04:10:00,107.09,0.19742,0.10088,0.060249,0.04857,0.045315,0.024284,2.788470588235294e-09,1.2008428571428571e-06
2011-09-20 04:11:00,107.932,0.206912,0.124572,0.0841852,0.06609,0.061048,0.0239482,2.433529411764706e-09,1.1873285714285714e-06
2011-09-20 04:12:00,108.774,0.216404,0.148264,0.1081214,0.08361,0.076781,0.0236124,2.392e-09,1.1795857142857143e-06
2011-09-20 04:13:00,109.616,0.2258959999999999,0.171956,0.1320576,0.10113,0.092514,0.0232766,1.612470588235294e-09,1.163942857142857e-06
2011-09-20 04:14:00,110.458,0.235388,0.195648,0.1559938,0.11865,0.108247,0.0229408,2.176588235294117e-09,1.158242857142857e-06
2011-09-20 04:15:00,111.3,0.24488,0.21934,0.17993,0.13617,0.12398,0.022605,2.531176470588235e-09,1.1525714285714286e-06
2011-09-20 04:16:00,110.824,0.23654,0.211,0.166786,0.129824,0.119528,0.0265658,2.983294117647058e-09,1.1636857142857144e-06
2011-09-20 04:17:00,110.348,0.2282,0.20266,0.153642,0.123478,0.115076,0.0305266,4.3322352941176474e-09,1.1782285714285716e-06
2011-09-20 04:18:00,109.872,0.21986,0.19432,0.140498,0.117132,0.110624,0.0344874,1.9814117647058823e-09,1.1786714285714285e-06
2011-09-20 04:19:00,109.396,0.2115199999999999,0.1859799999999999,0.127354,0.110786,0.106172,0.0384482,2.0510588235294116e-09,1.176614285714286e-06
2011-09-20 04:20:00,108.92,0.20318,0.17764,0.11421,0.10444,0.10172,0.042409,3.8278823529411765e-09,1.1749857142857144e-06
2011-09-20 04:21:00,107.368,0.186182,0.1606408,0.1022832,0.0925134,0.0897928,0.0387448,2.218352941176471e-09,1.1741571428571428e-06
2011-09-20 04:22:00,105.816,0.169184,0.1436415999999999,0.0903564,0.0805868,0.0778656,0.0350806,3.648e-09,1.1742857142857144e-06
2011-09-20 04:23:00,104.264,0.152186,0.1266424,0.0784296,0.0686602,0.0659384,0.0314164,2.6949411764705883e-09,1.1861714285714286e-06
2011-09-20 04:24:00,102.712,0.135188,0.1096432,0.0665028,0.0567336,0.0540112,0.0277521999999999,4.1136470588235294e-09,1.1982142857142858e-06
2011-09-20 04:25:00,101.16,0.11819,0.092644,0.054576,0.044807,0.042084,0.024088,4.6182352941176475e-09,1.194314285714286e-06
2011-09-20 04:26:00,104.384,0.186798,0.1290932,0.062997,0.053228,0.0505052,0.0325089999999999,6.903176470588236e-09,1.196514285714286e-06
2011-09-20 04:27:00,107.608,0.2554059999999999,0.1655424,0.071418,0.061649,0.0589264,0.04093,5.687058823529412e-09,1.2043428571428572e-06
2011-09-20 04:28:00,110.832,0.3240139999999999,0.2019916,0.079839,0.07007,0.0673476,0.049351,6.134588235294118e-09,1.2152428571428571e-06
2011-09-20 04:29:00,114.056,0.3926219999999999,0.2384408,0.08826,0.078491,0.0757688,0.057772,6.722352941176471e-09,1.2191285714285717e-06
2011-09-20 04:30:00,117.28,0.46123,0.27489,0.096681,0.086912,0.08419,0.066193,6.858e-09,1.2213142857142858e-06
2011-09-20 04:31:00,118.198,0.4200899999999999,0.25396,0.1013148,0.0837334,0.0788336,0.0574754,7.653764705882352e-09,1.2272e-06
2011-09-20 04:32:00,119.116,0.37895,0.23303,0.1059486,0.0805548,0.0734772,0.0487578,7.084117647058824e-09,1.2324285714285716e-06
2011-09-20 04:33:00,120.034,0.33781,0.2121,0.1105824,0.0773762,0.0681208,0.0400402,5.727764705882354e-09,1.2355285714285714e-06
2011-09-20 04:34:00,120.952,0.29667,0.19117,0.1152161999999999,0.0741976,0.0627644,0.0313226,5.118823529411765e-09,1.2511714285714286e-06
2011-09-20 04:35:00,121.87,0.25553,0.17024,0.11985,0.071019,0.057408,0.022605,7.038823529411764e-09,1.2617714285714286e-06
2011-09-20 04:36:00,121.838,0.257112,0.183772,0.135644,0.0895392,0.0766884,0.022605,8.21435294117647e-09,1.2650000000000002e-06
2011-09-20 04:37:00,121.806,0.258694,0.197304,0.151438,0.1080594,0.0959687999999999,0.022605,7.085529411764705e-09,1.2675428571428573e-06
2011-09-20 04:38:00,121.774,0.260276,0.210836,0.167232,0.1265796,0.1152492,0.022605,8.847294117647059e-09,1.272757142857143e-06
2011-09-20 04:39:00,121.742,0.261858,0.224368,0.183026,0.1450998,0.1345296,0.022605,8.892470588235294e-09,1.278957142857143e-06
2011-09-20 04:40:00,121.71,0.26344,0.2379,0.19882,0.16362,0.15381,0.022605,9.751529411764706e-09,1.2961428571428573e-06
2011-09-20 04:41:00,117.586,0.257798,0.228762,0.189,0.152412,0.142214,0.0227142,1.1324941176470593e-08,1.3185142857142855e-06
2011-09-20 04:42:00,113.462,0.252156,0.2196239999999999,0.17918,0.141204,0.130618,0.0228234,1.3414117647058824e-08,1.3278e-06
2011-09-20 04:43:00,109.338,0.246514,0.210486,0.16936,0.129996,0.119022,0.0229326,1.2374117647058824e-08,1.3368428571428574e-06
2011-09-20 04:44:00,105.214,0.240872,0.201348,0.15954,0.1187879999999999,0.107426,0.0230418,1.4428235294117646e-08,1.3417428571428571e-06
2011-09-20 04:45:00,101.09,0.23523,0.19221,0.14972,0.10758,0.09583,0.023151,1.2554117647058823e-08,1.3561e-06
2011-09-20 04:46:00,99.373,0.228286,0.1887619999999999,0.146928,0.1054809999999999,0.0939248,0.0281746,1.2328235294117648e-08,1.3789714285714287e-06
2011-09-20 04:47:00,97.656,0.2213419999999999,0.1853139999999999,0.144136,0.103382,0.0920196,0.0331982,1.0756705882352944e-08,1.400457142857143e-06
2011-09-20 04:48:00,95.939,0.2143979999999999,0.181866,0.141344,0.101283,0.0901144,0.0382218,1.26e-08,1.413214285714286e-06
2011-09-20 04:49:00,94.222,0.207454,0.178418,0.1385519999999999,0.099184,0.0882092,0.0432454,1.481529411764706e-08,1.4582857142857143e-06
2011-09-20 04:50:00,92.505,0.20051,0.17497,0.13576,0.097085,0.086304,0.048269,1.7121176470588237e-08,1.5072857142857144e-06
2011-09-20 04:51:00,91.0514,0.200434,0.174894,0.135818,0.10051,0.0906692,0.0501776,2.3256470588235292e-08,1.5657142857142857e-06
2011-09-20 04:52:00,89.59779999999999,0.200358,0.174818,0.135876,0.103935,0.0950344,0.0520862,2.9735294117647065e-08,1.6338571428571428e-06
2011-09-20 04:53:00,88.1442,0.200282,0.1747419999999999,0.135934,0.10736,0.0993996,0.0539948,3.4482352941176474e-08,1.7155714285714288e-06
2011-09-20 04:54:00,86.69059999999999,0.200206,0.174666,0.135992,0.110785,0.1037648,0.0559034,4.222352941176471e-08,1.849714285714286e-06
2011-09-20 04:55:00,85.237,0.20013,0.17459,0.13605,0.11421,0.10813,0.057812,3.728470588235295e-08,1.8607142857142856e-06
2011-09-20 04:56:00,84.73859999999999,0.196922,0.17138,0.132936,0.11351,0.1081,0.055134,3.136235294117647e-08,1.8137142857142857e-06
2011-09-20 04:57:00,84.2402,0.193714,0.16817,0.129822,0.11281,0.10807,0.052456,2.5354117647058826e-08,1.7631428571428572e-06
2011-09-20 04:58:00,83.7418,0.190506,0.16496,0.126708,0.11211,0.10804,0.049778,2.268235294117647e-08,1.731e-06
2011-09-20 04:59:00,83.24340000000001,0.187298,0.1617499999999999,0.123594,0.11141,0.10801,0.0471,2.4083529411764703e-08,1.771e-06
2011-09-20 05:00:00,82.745,0.18409,0.15854,0.12048,0.11071,0.10798,0.044422,2.8243529411764712e-08,1.8542857142857144e-06
2011-09-20 05:01:00,82.7928,0.192664,0.1527919999999999,0.1142342,0.1044644,0.1017358,0.0472902,3.4618823529411765e-08,1.9972857142857144e-06
2011-09-20 05:02:00,82.8406,0.201238,0.1470439999999999,0.1079884,0.0982188,0.0954916,0.0501584,5.6861176470588244e-08,2.2711428571428573e-06
2011-09-20 05:03:00,82.8884,0.209812,0.1412959999999999,0.1017426,0.0919732,0.0892474,0.0530266,1.242705882352941e-07,2.966428571428572e-06
2011-09-20 05:04:00,82.9362,0.218386,0.135548,0.0954967999999999,0.0857276,0.0830032,0.0558948,2.527529411764706e-07,4.197714285714287e-06
2011-09-20 05:05:00,82.984,0.22696,0.1298,0.089251,0.079482,0.076759,0.058763,3.470705882352941e-07,5.358714285714286e-06
2011-09-20 05:06:00,81.9734,0.2253939999999999,0.13549,0.0941627999999999,0.0843936,0.0816712,0.0596684,4.1872941176470587e-07,6.3145714285714285e-06
2011-09-20 05:07:00,80.9628,0.223828,0.14118,0.0990746,0.0893052,0.0865833999999999,0.0605738,5.157529411764706e-07,7.25e-06
2011-09-20 05:08:00,79.95219999999999,0.222262,0.14687,0.1039863999999999,0.0942167999999999,0.0914956,0.0614792,6.524235294117647e-07,8.328857142857143e-06
2011-09-20 05:09:00,78.9416,0.220696,0.15256,0.1088982,0.0991283999999999,0.0964077999999999,0.0623846,7.796117647058824e-07,9.56214285714286e-06
2011-09-20 05:10:00,77.931,0.21913,0.15825,0.11381,0.10404,0.10132,0.06329,8.61764705882353e-07,1.057757142857143e-05
2011-09-20 05:11:00,77.2804,0.2128779999999999,0.159066,0.1088982,0.0991283999999999,0.0964077999999999,0.0623846,1.0675294117647058e-06,1.1848e-05
2011-09-20 05:12:00,76.6298,0.206626,0.159882,0.1039863999999999,0.0942167999999999,0.0914956,0.0614792,1.292e-06,1.3218857142857143e-05
2011-09-20 05:13:00,75.97919999999999,0.200374,0.160698,0.0990746,0.0893052,0.0865833999999999,0.0605738,1.2574117647058825e-06,1.3700857142857143e-05
2011-09-20 05:14:00,75.3286,0.194122,0.161514,0.0941627999999999,0.0843936,0.0816712,0.0596684,1.1483411764705882e-06,1.3642e-05
2011-09-20 05:15:00,74.678,0.18787,0.16233,0.089251,0.079482,0.076759,0.058763,1.0152117647058825e-06,1.3204e-05
2011-09-20 05:16:00,73.6998,0.173688,0.148147,0.0820702,0.0723012,0.0695781999999999,0.0541174,8.335058823529412e-07,1.1161428571428572e-05
2011-09-20 05:17:00,72.7216,0.159506,0.133964,0.0748894,0.0651204,0.0623974,0.0494717999999999,8.225541795665635e-07,1.1030065789473684e-05
2011-09-20 05:18:00,71.74340000000001,0.145324,0.119781,0.0677086,0.0579396,0.0552166,0.0448262,8.116024767801857e-07,1.0898703007518796e-05
2011-09-20 05:19:00,70.76520000000001,0.1311419999999999,0.105598,0.0605278,0.0507588,0.0480358,0.0401806,8.00650773993808e-07,1.076734022556391e-05
2011-09-20 05:20:00,69.787,0.11696,0.091415,0.053347,0.043578,0.040855,0.035535,7.896990712074304e-07,1.0635977443609023e-05
2011-09-20 05:21:00,68.096,0.133002,0.107458,0.0693896,0.0596204,0.056898,0.0397251999999999,7.787473684210525e-07,1.0504614661654136e-05
2011-09-20 05:22:00,66.405,0.149044,0.123501,0.0854322,0.0756628,0.072941,0.0439154,7.677956656346748e-07,1.037325187969925e-05
2011-09-20 05:23:00,64.714,0.165086,0.139544,0.1014748,0.0917052,0.088984,0.0481056,7.568439628482972e-07,1.024188909774436e-05
2011-09-20 05:24:00,63.023,0.181128,0.155587,0.1175174,0.1077476,0.105027,0.0522958,7.458922600619194e-07,1.0110526315789474e-05
2011-09-20 05:25:00,61.332,0.19717,0.17163,0.13356,0.12379,0.12107,0.056486,7.349405572755417e-07,9.979163533834586e-06
2011-09-20 05:26:00,61.9048,0.20652,0.180978,0.1180104,0.1078586,0.1050316,0.0497606,7.239888544891641e-07,9.8478007518797e-06
2011-09-20 05:27:00,62.4776,0.21587,0.190326,0.1024608,0.0919271999999999,0.0889932,0.0430351999999999,7.130371517027863e-07,9.716437969924812e-06
2011-09-20 05:28:00,63.0504,0.22522,0.199674,0.0869112,0.0759957999999999,0.0729547999999999,0.0363097999999999,7.020854489164086e-07,9.585075187969924e-06
2011-09-20 05:29:00,63.6232,0.23457,0.209022,0.0713616,0.0600643999999999,0.0569163999999999,0.0295843999999999,6.911337461300309e-07,9.453712406015037e-06
2011-09-20 05:30:00,64.196,0.24392,0.21837,0.055812,0.044133,0.040878,0.022859,6.801820433436532e-07,9.322349624060151e-06
2011-09-20 05:31:00,64.2112,0.246334,0.220784,0.0590322,0.0477354,0.0445867999999999,0.0298524,6.692303405572755e-07,9.190986842105264e-06
2011-09-20 05:32:00,64.2264,0.248748,0.223198,0.0622524,0.0513377999999999,0.0482956,0.0368458,6.582786377708978e-07,9.059624060150376e-06
2011-09-20 05:33:00,64.2416,0.251162,0.225612,0.0654726,0.0549401999999999,0.0520044,0.0438391999999999,6.473269349845201e-07,8.928261278195488e-06
2011-09-20 05:34:00,64.2568,0.253576,0.228026,0.0686928,0.0585426,0.0557132,0.0508326,6.363752321981424e-07,8.796898496240601e-06
2011-09-20 05:35:00,64.272,0.25599,0.23044,0.071913,0.062145,0.059422,0.057826,6.254235294117647e-07,8.665535714285714e-06
2011-09-20 05:36:00,62.576800000000006,0.256728,0.20901,0.0741026,0.0643344,0.0616114,0.0527288,6.14471826625387e-07,8.534172932330827e-06
2011-09-20 05:37:00,60.881600000000006,0.257466,0.18758,0.0762922,0.0665238,0.0638008,0.0476316,6.035201238390093e-07,8.40281015037594e-06
2011-09-20 05:38:00,59.186400000000006,0.258204,0.16615,0.0784818,0.0687132,0.0659902,0.0425344,5.925684210526316e-07,8.271447368421053e-06
2011-09-20 05:39:00,57.4912,0.258942,0.14472,0.0806714,0.0709026,0.0681796,0.0374372,5.816167182662537e-07,8.140084586466166e-06
2011-09-20 05:40:00,55.796,0.25968,0.12329,0.082861,0.073092,0.070369,0.03234,5.706650154798761e-07,8.008721804511278e-06
2011-09-20 05:41:00,55.2412,0.25831,0.130436,0.0880168,0.078248,0.075525,0.0344992,5.597133126934984e-07,7.87735902255639e-06
2011-09-20 05:42:00,54.6864,0.25694,0.1375819999999999,0.0931726,0.083404,0.080681,0.0366584,5.487616099071207e-07,7.745996240601503e-06
2011-09-20 05:43:00,54.1316,0.25557,0.144728,0.0983284,0.08856,0.085837,0.0388176,5.37809907120743e-07,7.614633458646616e-06
2011-09-20 05:44:00,53.5768,0.2542,0.151874,0.1034842,0.093716,0.0909929999999999,0.0409768,5.268582043343653e-07,7.483270676691729e-06
2011-09-20 05:45:00,53.022,0.25283,0.15902,0.10864,0.098872,0.096149,0.043136,5.159065015479876e-07,7.351907894736843e-06
2011-09-20 05:46:00,51.8298,0.253654,0.159422,0.111008,0.1012396,0.0985152,0.0433932,5.049547987616099e-07,7.220545112781955e-06
2011-09-20 05:47:00,50.6376,0.254478,0.159824,0.113376,0.1036072,0.1008814,0.0436504,4.940030959752321e-07,7.089182330827067e-06
2011-09-20 05:48:00,49.4454,0.255302,0.160226,0.115744,0.1059748,0.1032476,0.0439076,4.830513931888544e-07,6.95781954887218e-06
2011-09-20 05:49:00,48.2532,0.256126,0.160628,0.118112,0.1083424,0.1056138,0.0441648,4.720996904024769e-07,6.8264567669172925e-06
2011-09-20 05:50:00,47.061,0.25695,0.16103,0.12048,0.11071,0.10798,0.044422,4.61147987616099e-07,6.695093984962406e-06
2011-09-20 05:51:00,45.9984,0.260598,0.164232,0.12156,0.11179,0.109062,0.0486348,4.501962848297213e-07,6.563731203007518e-06
2011-09-20 05:52:00,44.9358,0.264246,0.167434,0.12264,0.11287,0.110144,0.0528476,4.392445820433436e-07,6.432368421052632e-06
2011-09-20 05:53:00,43.8732,0.267894,0.170636,0.12372,0.11395,0.111226,0.0570604,4.2829287925696586e-07,6.301005639097745e-06
2011-09-20 05:54:00,42.8106,0.271542,0.173838,0.1248,0.11503,0.112308,0.0612732,4.173411764705882e-07,6.169642857142857e-06
2011-09-20 05:55:00,41.748,0.27519,0.17704,0.12588,0.11611,0.11339,0.065486,4.063894736842105e-07,6.03828007518797e-06
2011-09-20 05:56:00,41.7956,0.2473459999999999,0.163716,0.115143,0.104562,0.1016152,0.0664308,3.954377708978329e-07,5.906917293233082e-06
2011-09-20 05:57:00,41.8432,0.219502,0.150392,0.104406,0.093014,0.0898404,0.0673756,3.844860681114551e-07,5.7755545112781945e-06
2011-09-20 05:58:00,41.8908,0.191658,0.137068,0.0936689999999999,0.081466,0.0780656,0.0683204,3.735343653250774e-07,5.644191729323308e-06
2011-09-20 05:59:00,41.9384,0.163814,0.123744,0.0829319999999999,0.069918,0.0662908,0.0692652,3.625826625386996e-07,5.512828947368421e-06
2011-09-20 06:00:00,41.986,0.13597,0.11042,0.072195,0.05837,0.054516,0.07021,3.516309597523219e-07,5.381466165413533e-06
2011-09-20 06:01:00,41.4184,0.169942,0.144394,0.0767794,0.0579248,0.0530686,0.0619761999999999,3.406792569659442e-07,5.250103383458647e-06
2011-09-20 06:02:00,40.8508,0.2039139999999999,0.1783679999999999,0.0813638,0.0574796,0.0516212,0.0537423999999999,3.297275541795665e-07,5.118740601503759e-06
2011-09-20 06:03:00,40.2832,0.237886,0.2123419999999999,0.0859482,0.0570344,0.0501738,0.0455085999999999,3.187758513931888e-07,4.987377819548872e-06
2011-09-20 06:04:00,39.7156,0.271858,0.2463159999999999,0.0905325999999999,0.0565892,0.0487264,0.0372748,3.078241486068111e-07,4.856015037593984e-06
2011-09-20 06:05:00,39.148,0.30583,0.28029,0.095117,0.056144,0.047279,0.029041,2.9687244582043337e-07,4.724652255639098e-06
2011-09-20 06:06:00,39.4624,0.284728,0.259188,0.1031536,0.0640714,0.0552046,0.0369668,2.859207430340557e-07,4.59328947368421e-06
2011-09-20 06:07:00,39.7768,0.2636259999999999,0.238086,0.1111901999999999,0.0719988,0.0631302,0.0448926,2.74969040247678e-07,4.461926691729323e-06
2011-09-20 06:08:00,40.0912,0.242524,0.2169839999999999,0.1192268,0.0799262,0.0710558,0.0528184,2.6401733746130026e-07,4.330563909774435e-06
2011-09-20 06:09:00,40.4056,0.221422,0.195882,0.1272634,0.0878536,0.0789814,0.0607442,2.530656346749225e-07,4.199201127819549e-06
2011-09-20 06:10:00,40.72,0.20032,0.17478,0.1353,0.095781,0.086907,0.06867,2.421139318885448e-07,4.067838345864662e-06
2011-09-20 06:11:00,41.1216,0.19805,0.17251,0.1329,0.0909532,0.0816714,0.0594569999999999,2.311622291021672e-07,3.936475563909774e-06
2011-09-20 06:12:00,41.5232,0.19578,0.17024,0.1305,0.0861254,0.0764358,0.050244,2.2021052631578933e-07,3.805112781954887e-06
2011-09-20 06:13:00,41.9248,0.19351,0.1679699999999999,0.1281,0.0812976,0.0712001999999999,0.041031,2.0925882352941169e-07,3.6737500000000006e-06
2011-09-20 06:14:00,42.3264,0.19124,0.1657,0.1257,0.0764698,0.0659646,0.031818,1.9830712074303402e-07,3.5423872180451127e-06
2011-09-20 06:15:00,42.728,0.18897,0.16343,0.1233,0.071642,0.060729,0.022605,1.8735541795665625e-07,3.4110244360902253e-06
2011-09-20 06:16:00,41.988,0.255454,0.1857359999999999,0.1174808,0.0742008,0.0649257999999999,0.0308272,1.764037151702786e-07,3.279661654135339e-06
2011-09-20 06:17:00,41.248,0.321938,0.208042,0.1116616,0.0767596,0.0691225999999999,0.0390494,1.654520123839009e-07,3.148298872180452e-06
2011-09-20 06:18:00,40.508,0.388422,0.230348,0.1058424,0.0793184,0.0733193999999999,0.0472716,1.545003095975231e-07,3.016936090225564e-06
2011-09-20 06:19:00,39.768,0.454906,0.252654,0.1000232,0.0818772,0.0775162,0.0554937999999999,1.4354860681114544e-07,2.8855733082706763e-06
2011-09-20 06:20:00,39.028,0.52139,0.27496,0.094204,0.084436,0.081713,0.063716,1.3259690402476777e-07,2.75421052631579e-06
2011-09-20 06:21:00,38.3272,0.450044,0.2477919999999999,0.0884085999999999,0.0786404,0.0759174,0.0571471999999999,1.2164520123838997e-07,2.622847744360902e-06
2011-09-20 06:22:00,37.6264,0.378698,0.220624,0.0826132,0.0728448,0.0701218,0.0505783999999999,1.1069349845201233e-07,2.491484962406015e-06
2011-09-20 06:23:00,36.9256,0.307352,0.193456,0.0768177999999999,0.0670492,0.0643262,0.0440095999999999,9.974179566563465e-08,2.360122180451128e-06
2011-09-20 06:24:00,36.2248,0.236006,0.166288,0.0710223999999999,0.0612536,0.0585305999999999,0.0374407999999999,8.879009287925685e-08,2.228759398496241e-06
2011-09-20 06:25:00,35.524,0.16466,0.13912,0.065227,0.055458,0.052735,0.030872,7.783839009287918e-08,2.0973966165413536e-06
2011-09-20 06:26:00,35.286,0.162608,0.137068,0.0700591999999999,0.05436,0.0504072,0.0292694,6.688668730650153e-08,1.966033834586466e-06
2011-09-20 06:27:00,35.048,0.160556,0.135016,0.0748914,0.053262,0.0480794,0.0276668,5.593498452012374e-08,1.834671052631579e-06
2011-09-20 06:28:00,34.81,0.158504,0.132964,0.0797235999999999,0.052164,0.0457516,0.0260642,4.4983281733746056e-08,1.7033082706766925e-06
2011-09-20 06:29:00,34.572,0.156452,0.130912,0.0845557999999999,0.051066,0.0434238,0.0244616,3.4031578947368395e-08,1.5719454887218048e-06
2011-09-20 06:30:00,34.334,0.1544,0.12886,0.089388,0.049968,0.041096,0.022859,2.3079876160990595e-08,1.4405827067669172e-06
2011-09-20 06:31:00,34.058,0.17653,0.150988,0.1114544,0.0685504,0.0579708,0.0228082,1.2128173374612926e-08,1.3092199248120297e-06
2011-09-20 06:32:00,33.782000000000004,0.19866,0.173116,0.1335208,0.0871328,0.0748456,0.0227574,1.176470588235294e-09,1.1778571428571429e-06
2011-09-20 06:33:00,33.506,0.22079,0.195244,0.1555872,0.1057152,0.0917204,0.0227066,1.176470588235294e-09,1.1603285714285717e-06
2011-09-20 06:34:00,33.230000000000004,0.24292,0.217372,0.1776536,0.1242976,0.1085952,0.0226558,1.2009411764705883e-09,1.1395142857142856e-06
2011-09-20 06:35:00,32.954,0.26505,0.2395,0.19972,0.14288,0.12547,0.022605,1.176470588235294e-09,1.1159e-06
2011-09-20 06:36:00,32.796,0.241644,0.2160959999999999,0.1765988,0.1276662,0.1127736,0.0268644,1.3890588235294114e-09,1.1098e-06
2011-09-20 06:37:00,32.638,0.218238,0.192692,0.1534776,0.1124524,0.1000772,0.0311238,1.347411764705882e-09,1.1050142857142858e-06
2011-09-20 06:38:00,32.480000000000004,0.194832,0.169288,0.1303564,0.0972386,0.0873808,0.0353832,1.176470588235294e-09,1.100657142857143e-06
2011-09-20 06:39:00,32.322,0.171426,0.145884,0.1072352,0.0820248,0.0746844,0.0396426,1.176470588235294e-09,1.0963571428571429e-06
2011-09-20 06:40:00,32.164,0.14802,0.12248,0.084114,0.066811,0.061988,0.043902,1.176470588235294e-09,1.0857714285714285e-06
2011-09-20 06:41:00,33.717,0.18185,0.131154,0.0821692,0.066373,0.06197,0.043902,1.176470588235294e-09,1.0839571428571428e-06
2011-09-20 06:42:00,35.27,0.21568,0.139828,0.0802244,0.065935,0.061952,0.043902,1.176470588235294e-09,1.0708000000000002e-06
2011-09-20 06:43:00,36.823,0.24951,0.148502,0.0782795999999999,0.065497,0.061934,0.043902,1.176470588235294e-09,1.0698714285714286e-06
2011-09-20 06:44:00,38.376000000000005,0.28334,0.1571759999999999,0.0763348,0.0650589999999999,0.061916,0.043902,1.176470588235294e-09,1.066514285714286e-06
2011-09-20 06:45:00,39.929,0.31717,0.16585,0.07439,0.064621,0.061898,0.043902,1.2001176470588235e-09,1.094657142857143e-06
2011-09-20 06:46:00,39.2496,0.3003,0.1741359999999999,0.093046,0.0754648,0.0705644,0.0459838,1.2937647058823533e-08,1.2753428571428572e-06
2011-09-20 06:47:00,38.5702,0.28343,0.182422,0.111702,0.0863086,0.0792308,0.0480656,3.0864705882352945e-08,1.4938571428571429e-06
2011-09-20 06:48:00,37.8908,0.26656,0.190708,0.130358,0.0971524,0.0878972,0.0501473999999999,1.0188000000000001e-07,2.2437142857142858e-06
2011-09-20 06:49:00,37.2114,0.24969,0.198994,0.149014,0.1079962,0.0965636,0.0522291999999999,1.0975882352941177e-07,2.438428571428572e-06
2011-09-20 06:50:00,36.532,0.23282,0.20728,0.16767,0.11884,0.10523,0.054311,1.0035529411764709e-07,2.3851428571428574e-06
2011-09-20 06:51:00,36.9992,0.243078,0.1887599999999999,0.149014,0.1079962,0.0965636,0.0522291999999999,8.60235294117647e-08,2.1565714285714287e-06
2011-09-20 06:52:00,37.4664,0.253336,0.17024,0.130358,0.0971524,0.0878972,0.0501473999999999,1.0161764705882353e-07,2.1785714285714286e-06
2011-09-20 06:53:00,37.9336,0.263594,0.15172,0.111702,0.0863086,0.0792308,0.0480656,1.2527058823529413e-07,2.3394285714285715e-06
2011-09-20 06:54:00,38.4008,0.273852,0.1331999999999999,0.093046,0.0754648,0.0705644,0.0459838,1.5112941176470588e-07,2.614428571428572e-06
2011-09-20 06:55:00,38.868,0.28411,0.11468,0.07439,0.064621,0.061898,0.043902,1.5899999999999998e-07,2.7955714285714284e-06
2011-09-20 06:56:00,39.4306,0.262852,0.122198,0.082354,0.0725848,0.0698624,0.0436034,1.6894117647058825e-07,2.917428571428572e-06
2011-09-20 06:57:00,39.9932,0.2415939999999999,0.129716,0.090318,0.0805486,0.0778268,0.0433048,1.3805882352941176e-07,2.768e-06
2011-09-20 06:58:00,40.5558,0.220336,0.137234,0.098282,0.0885124,0.0857912,0.0430062,9.800470588235296e-08,2.469571428571429e-06
2011-09-20 06:59:00,41.1184,0.199078,0.144752,0.106246,0.0964762,0.0937556,0.0427076,6.311411764705882e-08,2.1862857142857146e-06
2011-09-20 07:00:00,41.681,0.17782,0.15227,0.11421,0.10444,0.10172,0.042409,4.026941176470589e-08,1.930428571428572e-06
2011-09-20 07:01:00,41.9534,0.18993,0.164382,0.126056,0.109596,0.10501,0.0459614,2.5575294117647063e-08,1.7017142857142855e-06
2011-09-20 07:02:00,42.2258,0.20204,0.1764939999999999,0.137902,0.114752,0.1083,0.0495138,1.4690588235294118e-08,1.5221428571428571e-06
2011-09-20 07:03:00,42.4982,0.21415,0.188606,0.149748,0.119908,0.11159,0.0530662,9.389882352941178e-09,1.3931857142857145e-06
2011-09-20 07:04:00,42.7706,0.22626,0.200718,0.161594,0.125064,0.11488,0.0566186,6.4058823529411765e-09,1.2824428571428571e-06
2011-09-20 07:05:00,43.043,0.23837,0.21283,0.17344,0.13022,0.11817,0.060171,4.9877647058823535e-09,1.1995857142857144e-06
2011-09-20 07:06:00,43.8468,0.219998,0.194456,0.1551562,0.1141828,0.1027598,0.0527086,2.8512941176470592e-09,1.1365428571428572e-06
2011-09-20 07:07:00,44.6506,0.201626,0.176082,0.1368724,0.0981456,0.0873496,0.0452462,1.176470588235294e-09,1.097657142857143e-06
2011-09-20 07:08:00,45.4544,0.183254,0.157708,0.1185886,0.0821084,0.0719394,0.0377838,1.176470588235294e-09,1.0725857142857143e-06
2011-09-20 07:09:00,46.2582,0.164882,0.139334,0.1003048,0.0660712,0.0565292,0.0303214,1.547176470588235e-09,1.0521857142857145e-06
2011-09-20 07:10:00,47.062,0.14651,0.12096,0.082021,0.050034,0.041119,0.022859,2.5057647058823527e-09,1.0376857142857145e-06
2011-09-20 07:11:00,47.1544,0.15968,0.1198859999999999,0.0806245999999999,0.0530812,0.0454048,0.0332752,2.760941176470588e-09,1.0199857142857144e-06
2011-09-20 07:12:00,47.2468,0.17285,0.118812,0.0792282,0.0561284,0.0496906,0.0436914,4.07e-09,1.0135857142857144e-06
2011-09-20 07:13:00,47.3392,0.18602,0.117738,0.0778317999999999,0.0591755999999999,0.0539764,0.0541076,4.552235294117647e-09,1.0121e-06
2011-09-20 07:14:00,47.4316,0.1991899999999999,0.116664,0.0764354,0.0622227999999999,0.0582622,0.0645238,3.648e-09,1.009657142857143e-06
2011-09-20 07:15:00,47.524,0.21236,0.11559,0.075039,0.06527,0.062548,0.07494,2.14e-09,1.0082142857142855e-06
2011-09-20 07:16:00,48.2986,0.19328,0.1107549999999999,0.0707006,0.0609315999999999,0.0582094,0.0645238,3.648e-09,1.0140428571428573e-06
2011-09-20 07:17:00,49.0732,0.1742,0.10592,0.0663622,0.0565931999999999,0.0538708,0.0541076,5.366e-09,1.009e-06
2011-09-20 07:18:00,49.8478,0.1551199999999999,0.101085,0.0620238,0.0522548,0.0495322,0.0436914,5.160705882352941e-09,1.0059000000000002e-06
2011-09-20 07:19:00,50.6224,0.13604,0.09625,0.0576854,0.0479164,0.0451936,0.0332752,6.910705882352941e-09,1.0085857142857142e-06
2011-09-20 07:20:00,51.397,0.11696,0.091415,0.053347,0.043578,0.040855,0.022859,8.078705882352942e-09,1.0047428571428572e-06
2011-09-20 07:21:00,52.451,0.13204,0.0919113999999999,0.053347,0.043578,0.040855,0.022859,8.756941176470589e-09,1.0059000000000002e-06
2011-09-20 07:22:00,53.505,0.14712,0.0924078,0.053347,0.043578,0.040855,0.022859,1.0407058823529413e-08,1.0147142857142858e-06
2011-09-20 07:23:00,54.559,0.1622,0.0929041999999999,0.053347,0.043578,0.040855,0.022859,1.1107882352941177e-08,1.0216714285714286e-06
2011-09-20 07:24:00,55.613,0.17728,0.0934006,0.053347,0.043578,0.040855,0.022859,1.0972235294117648e-08,1.0287714285714289e-06
2011-09-20 07:25:00,56.667,0.19236,0.093897,0.053347,0.043578,0.040855,0.022859,1.3291764705882353e-08,1.0474428571428572e-06
2011-09-20 07:26:00,58.1064,0.194108,0.1102296,0.0699996,0.0557884,0.051826,0.0263662,1.4137647058823529e-08,1.0681857142857144e-06
2011-09-20 07:27:00,59.5458,0.195856,0.1265621999999999,0.0866522,0.0679988,0.062797,0.0298734,1.4001176470588236e-08,1.073742857142857e-06
2011-09-20 07:28:00,60.9852,0.197604,0.1428948,0.1033048,0.0802092,0.073768,0.0333805999999999,1.694e-08,1.1229857142857143e-06
2011-09-20 07:29:00,62.4246,0.199352,0.1592274,0.1199573999999999,0.0924195999999999,0.084739,0.0368878,1.976e-08,1.1879714285714286e-06
2011-09-20 07:30:00,63.864,0.2011,0.17556,0.13661,0.10463,0.09571,0.040395,1.7528235294117648e-08,1.1731142857142858e-06
2011-09-20 07:31:00,64.10379999999999,0.193554,0.168014,0.1199574,0.0924196,0.084739,0.0382502,1.3414117647058824e-08,1.1099285714285715e-06
2011-09-20 07:32:00,64.3436,0.186008,0.160468,0.1033048,0.0802092,0.073768,0.0361054,1.0188588235294118e-08,1.0733e-06
2011-09-20 07:33:00,64.5834,0.178462,0.152922,0.0866522,0.0679988,0.062797,0.0339606,8.259529411764707e-09,1.0678e-06
2011-09-20 07:34:00,64.8232,0.1709159999999999,0.145376,0.0699996,0.0557884,0.051826,0.0318158,6.99364705882353e-09,1.0446714285714286e-06
2011-09-20 07:35:00,65.063,0.16337,0.13783,0.053347,0.043578,0.040855,0.029671,5.992941176470588e-09,1.024957142857143e-06
2011-09-20 07:36:00,65.4454,0.1545959999999999,0.129055,0.05384,0.043689,0.0408596,0.0283086,6.089411764705883e-09,1.0193428571428573e-06
2011-09-20 07:37:00,65.8278,0.1458219999999999,0.12028,0.054333,0.0438,0.0408642,0.0269462,4.507058823529411e-09,1.0271e-06
2011-09-20 07:38:00,66.2102,0.137048,0.111505,0.054826,0.043911,0.0408688,0.0255838,7.038823529411764e-09,1.0254142857142855e-06
2011-09-20 07:39:00,66.59259999999999,0.128274,0.10273,0.055319,0.044022,0.0408734,0.0242214,5.075176470588236e-09,1.0307e-06
2011-09-20 07:40:00,66.975,0.1195,0.093955,0.055812,0.044133,0.040878,0.022859,7.717058823529412e-09,1.0271e-06
2011-09-20 07:41:00,66.265,0.125074,0.097096,0.0584328,0.0447232,0.040902,0.022859,9.525411764705882e-09,1.044414285714286e-06
2011-09-20 07:42:00,65.55499999999999,0.130648,0.1002369999999999,0.0610536,0.0453134,0.040926,0.022859,7.784823529411765e-09,1.0534428571428573e-06
2011-09-20 07:43:00,64.845,0.136222,0.103378,0.0636744,0.0459036,0.04095,0.022859,1.0746235294117649e-08,1.0733571428571428e-06
2011-09-20 07:44:00,64.13499999999999,0.141796,0.1065189999999999,0.0662952,0.0464938,0.040974,0.022859,1.2328235294117648e-08,1.0975285714285716e-06
2011-09-20 07:45:00,63.425,0.14737,0.10966,0.068916,0.047084,0.040998,0.022859,1.2148235294117649e-08,1.1246571428571429e-06
2011-09-20 07:46:00,64.9456,0.162236,0.12696,0.0867508,0.0673312,0.0619184,0.026385,1.3510588235294118e-08,1.1535e-06
2011-09-20 07:47:00,66.4662,0.177102,0.14426,0.1045856,0.0875784,0.0828387999999999,0.029911,1.2870588235294122e-08,1.1705285714285714e-06
2011-09-20 07:48:00,67.9868,0.191968,0.16156,0.1224204,0.1078256,0.1037592,0.0334369999999999,1.3730588235294121e-08,1.2051714285714286e-06
2011-09-20 07:49:00,69.5074,0.206834,0.17886,0.1402552,0.1280728,0.1246796,0.0369629999999999,1.6263529411764707e-08,1.2368142857142855e-06
2011-09-20 07:50:00,71.028,0.2217,0.19616,0.15809,0.14832,0.1456,0.040489,1.653294117647059e-08,1.251557142857143e-06
2011-09-20 07:51:00,71.1812,0.223722,0.186016,0.1454972,0.129253,0.1247278,0.0415476,1.5809411764705882e-08,1.2523285714285714e-06
2011-09-20 07:52:00,71.3344,0.225744,0.175872,0.1329044,0.110186,0.1038556,0.0426062,1.2985882352941176e-08,1.2668e-06
2011-09-20 07:53:00,71.4876,0.227766,0.165728,0.1203116,0.091119,0.0829834,0.0436648,1.2011764705882354e-08,1.2907142857142858e-06
2011-09-20 07:54:00,71.6408,0.229788,0.155584,0.1077188,0.072052,0.0621112,0.0447234,1.3549411764705882e-08,1.3283142857142858e-06
2011-09-20 07:55:00,71.794,0.23181,0.14544,0.095126,0.052985,0.041239,0.045782,1.1785882352941178e-08,1.3175857142857143e-06
2011-09-20 07:56:00,71.75,0.2422699999999999,0.139288,0.0909788,0.0553122,0.0453707999999999,0.0417512,8.09070588235294e-09,1.2772857142857145e-06
2011-09-20 07:57:00,71.706,0.25273,0.133136,0.0868316,0.0576394,0.0495026,0.0377204,6.8128235294117644e-09,1.239157142857143e-06
2011-09-20 07:58:00,71.66199999999999,0.26319,0.126984,0.0826843999999999,0.0599665999999999,0.0536344,0.0336896,5.546823529411765e-09,1.2068428571428571e-06
2011-09-20 07:59:00,71.618,0.2736499999999999,0.120832,0.0785372,0.0622937999999999,0.0577662,0.0296588,6.342588235294118e-09,1.1837285714285711e-06
2011-09-20 08:00:00,71.574,0.28411,0.11468,0.07439,0.064621,0.061898,0.025628,5.863294117647059e-09,1.1652428571428572e-06
2011-09-20 08:01:00,70.983,0.2687319999999999,0.128078,0.081324,0.071556,0.0688332,0.0344984,4.8687058823529406e-09,1.1527e-06
2011-09-20 08:02:00,70.392,0.2533539999999999,0.141476,0.088258,0.0784909999999999,0.0757684,0.0433688,4.5507058823529415e-09,1.1440000000000002e-06
2011-09-20 08:03:00,69.801,0.2379759999999999,0.154874,0.095192,0.085426,0.0827035999999999,0.0522392,5.2303529411764706e-09,1.1258285714285714e-06
2011-09-20 08:04:00,69.21,0.222598,0.168272,0.102126,0.092361,0.0896387999999999,0.0611096,4.1001176470588234e-09,1.1235e-06
2011-09-20 08:05:00,68.619,0.20722,0.18167,0.10906,0.099296,0.096574,0.06998,2.3711764705882353e-09,1.114057142857143e-06
2011-09-20 08:06:00,68.9534,0.223074,0.168622,0.1023418,0.0891486,0.0854708,0.063932,1.941529411764706e-09,1.1102714285714286e-06
2011-09-20 08:07:00,69.2878,0.238928,0.155574,0.0956236,0.0790012,0.0743675999999999,0.057884,2.6741176470588236e-09,1.1160000000000002e-06
2011-09-20 08:08:00,69.62219999999999,0.254782,0.1425259999999999,0.0889054,0.0688537999999999,0.0632644,0.051836,2.559294117647059e-09,1.1076000000000002e-06
2011-09-20 08:09:00,69.9566,0.270636,0.129478,0.0821871999999999,0.0587064,0.0521612,0.0457879999999999,2.990470588235294e-09,1.1022857142857142e-06
2011-09-20 08:10:00,70.291,0.28649,0.11643,0.075469,0.048559,0.041058,0.03974,3.87035294117647e-09,1.1058e-06
2011-09-20 08:11:00,70.7516,0.273374,0.12729,0.0859592,0.0609711999999999,0.0540063999999999,0.0468248,1.4170588235294115e-09,1.0981714285714286e-06
2011-09-20 08:12:00,71.2122,0.260258,0.13815,0.0964493999999999,0.0733834,0.0669548,0.0539095999999999,3.589176470588235e-09,1.1024e-06
2011-09-20 08:13:00,71.6728,0.247142,0.14901,0.1069396,0.0857956,0.0799032,0.0609944,4.235764705882353e-09,1.1063142857142857e-06
2011-09-20 08:14:00,72.1334,0.234026,0.15987,0.1174298,0.0982078,0.0928516,0.0680791999999999,5.456470588235294e-09,1.1085142857142858e-06
2011-09-20 08:15:00,72.594,0.22091,0.17073,0.12792,0.11062,0.1058,0.075164,1.0294117647058823e-08,1.1191e-06
2011-09-20 08:16:00,73.1802,0.228306,0.183052,0.1221354,0.101898,0.0962588,0.0677335999999999,1.0232235294117648e-08,1.1095285714285717e-06
2011-09-20 08:17:00,73.7664,0.235702,0.195374,0.1163508,0.093176,0.0867176,0.0603031999999999,1.128870588235294e-08,1.0906714285714289e-06
2011-09-20 08:18:00,74.3526,0.243098,0.207696,0.1105662,0.084454,0.0771764,0.0528728,1.2916470588235295e-08,1.0795571428571429e-06
2011-09-20 08:19:00,74.9388,0.250494,0.220018,0.1047816,0.075732,0.0676352,0.0454423999999999,1.106270588235294e-08,1.0734285714285715e-06
2011-09-20 08:20:00,75.525,0.25789,0.23234,0.098997,0.06701,0.058094,0.038012,9.615882352941178e-09,1.07e-06
2011-09-20 08:21:00,76.2196,0.236914,0.211364,0.096973,0.0668008,0.0583908,0.0399934,1.0927058823529412e-08,1.0733571428571428e-06
2011-09-20 08:22:00,76.91420000000001,0.215938,0.190388,0.094949,0.0665916,0.0586876,0.0419748,7.310117647058824e-09,1.0829142857142858e-06
2011-09-20 08:23:00,77.6088,0.194962,0.1694119999999999,0.092925,0.0663824,0.0589844,0.0439562,3.021058823529412e-09,1.0846714285714286e-06
2011-09-20 08:24:00,78.30340000000001,0.173986,0.1484359999999999,0.090901,0.0661732,0.0592812,0.0459376,8.033529411764705e-09,1.106057142857143e-06
2011-09-20 08:25:00,78.998,0.15301,0.12746,0.088877,0.065964,0.059578,0.047919,9.706352941176473e-09,1.1216857142857144e-06
2011-09-20 08:26:00,78.9242,0.1458,0.120251,0.081771,0.0614867999999999,0.0558334,0.0446722,9.576705882352941e-09,1.123014285714286e-06
2011-09-20 08:27:00,78.85040000000001,0.13859,0.1130419999999999,0.074665,0.0570095999999999,0.0520888,0.0414254,8.21435294117647e-09,1.1250428571428571e-06
2011-09-20 08:28:00,78.7766,0.13138,0.105833,0.067559,0.0525324,0.0483442,0.0381786,7.943058823529412e-09,1.1174285714285714e-06
2011-09-20 08:29:00,78.70280000000001,0.12417,0.0986239999999999,0.060453,0.0480552,0.0445996,0.0349318,7.129294117647059e-09,1.1075285714285715e-06
2011-09-20 08:30:00,78.629,0.11696,0.091415,0.053347,0.043578,0.040855,0.031685,7.988352941176472e-09,1.0891285714285716e-06
2011-09-20 08:31:00,78.4976,0.120178,0.094632,0.0565648,0.046796,0.044073,0.0304736,6.315529411764706e-09,1.0753e-06
2011-09-20 08:32:00,78.3662,0.1233959999999999,0.0978489999999999,0.0597826,0.0500139999999999,0.047291,0.0292622,2.492235294117647e-09,1.0587571428571428e-06
2011-09-20 08:33:00,78.23479999999999,0.126614,0.1010659999999999,0.0630004,0.053232,0.050509,0.0280508,1.2674117647058823e-09,1.041314285714286e-06
2011-09-20 08:34:00,78.1034,0.129832,0.104283,0.0662182,0.05645,0.053727,0.0268394,2.352941176470588e-09,1.0422142857142855e-06
2011-09-20 08:35:00,77.972,0.13305,0.1075,0.069436,0.059668,0.056945,0.025628,4.733058823529412e-09,1.0728428571428572e-06
2011-09-20 08:36:00,78.51079999999999,0.176614,0.151066,0.1123827999999999,0.0834604,0.073742,0.0314008,5.337411764705883e-09,1.0865428571428572e-06
2011-09-20 08:37:00,79.0496,0.220178,0.194632,0.1553295999999999,0.1072528,0.090539,0.0371736,5.27564705882353e-09,1.0772428571428572e-06
2011-09-20 08:38:00,79.5884,0.263742,0.238198,0.1982763999999999,0.1310452,0.107336,0.0429463999999999,5.727764705882354e-09,1.0641857142857143e-06
2011-09-20 08:39:00,80.1272,0.307306,0.281764,0.2412231999999999,0.1548376,0.124133,0.0487192,3.458117647058824e-09,1.0560571428571428e-06
2011-09-20 08:40:00,80.666,0.35087,0.32533,0.28417,0.17863,0.14093,0.054492,2.3748235294117647e-09,1.052557142857143e-06
2011-09-20 08:41:00,80.8472,0.307182,0.281642,0.2410595999999999,0.1536492,0.122659,0.0525642,4.371411764705882e-09,1.0720714285714287e-06
2011-09-20 08:42:00,81.0284,0.263494,0.237954,0.1979492,0.1286684,0.104388,0.0506364,4.6425882352941184e-09,1.087442857142857e-06
2011-09-20 08:43:00,81.2096,0.219806,0.194266,0.1548388,0.1036875999999999,0.086117,0.0487086,4.244823529411765e-09,1.067057142857143e-06
2011-09-20 08:44:00,81.3908,0.176118,0.150578,0.1117284,0.0787068,0.067846,0.0467808,3.143411764705882e-09,1.044414285714286e-06
2011-09-20 08:45:00,81.572,0.13243,0.10689,0.068618,0.053726,0.049575,0.044853,1.998588235294117e-09,1.0269714285714283e-06
2011-09-20 08:46:00,81.7418,0.1739679999999999,0.12624,0.0739742,0.060107,0.0562416,0.0474476,3.037647058823529e-09,1.039942857142857e-06
2011-09-20 08:47:00,81.9116,0.2155059999999999,0.14559,0.0793304,0.066488,0.0629082,0.0500422,2.3331764705882352e-09,1.0400142857142858e-06
2011-09-20 08:48:00,82.0814,0.257044,0.16494,0.0846866,0.072869,0.0695747999999999,0.0526368,2.6704705882352943e-09,1.0392428571428573e-06
2011-09-20 08:49:00,82.25120000000001,0.298582,0.18429,0.0900428,0.07925,0.0762414,0.0552314,5.512235294117648e-09,1.0609285714285714e-06
2011-09-20 08:50:00,82.421,0.34012,0.20364,0.095399,0.085631,0.082908,0.057826,6.044235294117647e-09,1.0600428571428571e-06
2011-09-20 08:51:00,81.58080000000001,0.313928,0.1996359999999999,0.1054292,0.0956608,0.0929384,0.0558446,6.200588235294117e-09,1.0512571428571429e-06
2011-09-20 08:52:00,80.7406,0.287736,0.195632,0.1154594,0.1056906,0.1029688,0.0538632,5.094823529411764e-09,1.0490714285714287e-06
2011-09-20 08:53:00,79.9004,0.261544,0.191628,0.1254896,0.1157204,0.1129992,0.0518818,2.977411764705882e-09,1.0424428571428573e-06
2011-09-20 08:54:00,79.0602,0.235352,0.187624,0.1355198,0.1257502,0.1230296,0.0499004,2.5801176470588233e-09,1.0314857142857142e-06
2011-09-20 08:55:00,78.22,0.20916,0.18362,0.14555,0.13578,0.13306,0.047919,2.26e-09,1.036014285714286e-06
2011-09-20 08:56:00,78.6746,0.21654,0.17682,0.138252,0.1284832,0.1257628,0.0489096,3.6495294117647054e-09,1.0297e-06
2011-09-20 08:57:00,79.1292,0.22392,0.17002,0.130954,0.1211864,0.1184656,0.0499002,3.714e-09,1.0181857142857145e-06
2011-09-20 08:58:00,79.5838,0.2313,0.16322,0.123656,0.1138896,0.1111684,0.0508908,3.331529411764706e-09,1.0263285714285714e-06
2011-09-20 08:59:00,80.0384,0.23868,0.15642,0.116358,0.1065928,0.1038712,0.0518814,4.8687058823529406e-09,1.0486714285714289e-06
2011-09-20 09:00:00,80.493,0.24606,0.14962,0.10906,0.099296,0.096574,0.052872,4.5507058823529415e-09,1.0466857142857143e-06
2011-09-20 09:01:00,80.32759999999999,0.273016,0.167874,0.0992978,0.0891508,0.0863221999999999,0.0468186,4.4617647058823534e-09,1.0355e-06
2011-09-20 09:02:00,80.1622,0.299972,0.186128,0.0895355999999999,0.0790056,0.0760704,0.0407652,4.054941176470589e-09,1.0274857142857143e-06
2011-09-20 09:03:00,79.9968,0.326928,0.204382,0.0797734,0.0688604,0.0658186,0.0347118,1.6074117647058823e-09,1.0219571428571428e-06
2011-09-20 09:04:00,79.8314,0.353884,0.222636,0.0700112,0.0587152,0.0555668,0.0286584,1.176470588235294e-09,1.0121e-06
2011-09-20 09:05:00,79.666,0.38084,0.24089,0.060249,0.04857,0.045315,0.022605,1.176470588235294e-09,1.0079714285714288e-06
2011-09-20 09:06:00,79.9178,0.331444,0.211942,0.0593616,0.0476826,0.0444276,0.0261817999999999,1.176470588235294e-09,1.0007285714285711e-06
2011-09-20 09:07:00,80.1696,0.282048,0.182994,0.0584742,0.0467952,0.0435402,0.0297586,1.605176470588235e-09,9.946571428571429e-07
2011-09-20 09:08:00,80.42139999999999,0.232652,0.154046,0.0575868,0.0459078,0.0426528,0.0333354,3.070117647058824e-09,9.867714285714285e-07
2011-09-20 09:09:00,80.6732,0.183256,0.125098,0.0566994,0.0450204,0.0417654,0.0369122,1.786e-09,9.88842857142857e-07
2011-09-20 09:10:00,80.925,0.13386,0.09615,0.055812,0.044133,0.040878,0.040489,1.176470588235294e-09,9.931e-07
2011-09-20 09:11:00,80.82079999999999,0.144436,0.10916,0.0612218,0.0499248,0.0467762,0.0388591999999999,1.2741176470588235e-09,9.951857142857145e-07
2011-09-20 09:12:00,80.7166,0.155012,0.12217,0.0666316,0.0557166,0.0526743999999999,0.0372293999999999,1.2009411764705883e-09,9.955714285714285e-07
2011-09-20 09:13:00,80.6124,0.165588,0.13518,0.0720414,0.0615084,0.0585726,0.0355995999999999,1.2709411764705883e-09,9.90357142857143e-07
2011-09-20 09:14:00,80.5082,0.176164,0.14819,0.0774512,0.0673002,0.0644708,0.0339698,1.5907058823529411e-09,9.883285714285717e-07
2011-09-20 09:15:00,80.404,0.18674,0.1612,0.082861,0.073092,0.070369,0.03234,1.2252941176470587e-09,9.84714285714286e-07
2011-09-20 09:16:00,80.8894,0.186392,0.160852,0.0902588,0.0726774,0.0677768,0.0336618,1.4090588235294118e-09,9.82857142857143e-07
2011-09-20 09:17:00,81.3748,0.186044,0.160504,0.0976566,0.0722628,0.0651846,0.0349836,1.552705882352941e-09,9.743714285714286e-07
2011-09-20 09:18:00,81.8602,0.185696,0.160156,0.1050543999999999,0.0718482,0.0625924,0.0363054,1.2985882352941178e-09,9.695857142857144e-07
2011-09-20 09:19:00,82.3456,0.1853479999999999,0.159808,0.1124522,0.0714336,0.0600002,0.0376272,1.2009411764705883e-09,9.717857142857144e-07
2011-09-20 09:20:00,82.831,0.185,0.15946,0.11985,0.071019,0.057408,0.038949,1.869764705882353e-09,9.691142857142855e-07
2011-09-20 09:21:00,83.9204,0.186714,0.1611739999999999,0.1142256,0.073207,0.0617736,0.0366906,1.2252941176470587e-09,9.755428571428571e-07
2011-09-20 09:22:00,85.0098,0.1884279999999999,0.162888,0.1086012,0.075395,0.0661392,0.0344321999999999,1.176470588235294e-09,9.929857142857145e-07
2011-09-20 09:23:00,86.09920000000001,0.190142,0.164602,0.1029768,0.077583,0.0705048,0.0321738,1.543647058823529e-09,9.798571428571428e-07
2011-09-20 09:24:00,87.18860000000001,0.191856,0.166316,0.0973524,0.079771,0.0748704,0.0299154,1.991294117647059e-09,9.803142857142855e-07
2011-09-20 09:25:00,88.278,0.19357,0.16803,0.091728,0.081959,0.079236,0.027657,4.507058823529411e-09,9.839428571428571e-07
2011-09-20 09:26:00,89.2412,0.201204,0.161376,0.0922232,0.0824544,0.0797314,0.0266466,3.165294117647059e-09,9.827285714285717e-07
2011-09-20 09:27:00,90.2044,0.208838,0.154722,0.0927184,0.0829498,0.0802268,0.0256362,1.176470588235294e-09,9.811e-07
2011-09-20 09:28:00,91.1676,0.216472,0.148068,0.0932136,0.0834452,0.0807222,0.0246258,1.176470588235294e-09,9.870428571428572e-07
2011-09-20 09:29:00,92.1308,0.224106,0.1414139999999999,0.0937088,0.0839406,0.0812176,0.0236154,1.176470588235294e-09,9.938857142857144e-07
2011-09-20 09:30:00,93.094,0.23174,0.13476,0.094204,0.084436,0.081713,0.022605,1.5e-09,9.999714285714286e-07
2011-09-20 09:31:00,92.4678,0.218442,0.1357479999999999,0.0956911999999999,0.085922,0.083199,0.0227142,3.78364705882353e-09,1.0512571428571429e-06
2011-09-20 09:32:00,91.8416,0.205144,0.136736,0.0971784,0.087408,0.084685,0.0228234,5.14e-09,1.1153571428571428e-06
2011-09-20 09:33:00,91.2154,0.191846,0.1377239999999999,0.0986655999999999,0.088894,0.086171,0.0229326,3.370705882352941e-09,1.130142857142857e-06
2011-09-20 09:34:00,90.5892,0.178548,0.138712,0.1001528,0.09038,0.087657,0.0230418,1.6821176470588235e-09,1.106057142857143e-06
2011-09-20 09:35:00,89.963,0.16525,0.1397,0.10164,0.091866,0.089143,0.023151,1.528235294117647e-09,1.0886e-06
2011-09-20 09:36:00,90.4126,0.2226,0.166568,0.1001528,0.09038,0.087657,0.031572,1.2009411764705883e-09,1.0931285714285715e-06
2011-09-20 09:37:00,90.8622,0.27995,0.193436,0.0986655999999999,0.088894,0.086171,0.039993,1.176470588235294e-09,1.1099000000000002e-06
2011-09-20 09:38:00,91.3118,0.3373,0.220304,0.0971784,0.087408,0.084685,0.048414,1.176470588235294e-09,1.114057142857143e-06
2011-09-20 09:39:00,91.7614,0.39465,0.247172,0.0956911999999999,0.085922,0.083199,0.056835,1.176470588235294e-09,1.1059285714285716e-06
2011-09-20 09:40:00,92.211,0.452,0.27404,0.094204,0.084436,0.081713,0.065256,1.176470588235294e-09,1.0929142857142855e-06
2011-09-20 09:41:00,92.2592,0.398418,0.25094,0.0994592,0.0896908,0.0869664,0.0585418,1.176470588235294e-09,1.080857142857143e-06
2011-09-20 09:42:00,92.3074,0.344836,0.22784,0.1047144,0.0949456,0.0922198,0.0518275999999999,1.176470588235294e-09,1.0707714285714286e-06
2011-09-20 09:43:00,92.3556,0.291254,0.20474,0.1099696,0.1002004,0.0974732,0.0451134,1.294470588235294e-09,1.0474428571428572e-06
2011-09-20 09:44:00,92.4038,0.237672,0.18164,0.1152248,0.1054552,0.1027266,0.0383991999999999,1.176470588235294e-09,1.032914285714286e-06
2011-09-20 09:45:00,92.452,0.18409,0.15854,0.12048,0.11071,0.10798,0.031685,1.176470588235294e-09,1.027614285714286e-06
2011-09-20 09:46:00,92.5782,0.177364,0.1518159999999999,0.1136192,0.1004212,0.096737,0.0304736,1.910705882352941e-09,1.0305857142857144e-06
2011-09-20 09:47:00,92.7044,0.170638,0.145092,0.1067584,0.0901324,0.085494,0.0292622,2.2701176470588238e-09,1.0445714285714286e-06
2011-09-20 09:48:00,92.8306,0.163912,0.138368,0.0998976,0.0798436,0.074251,0.0280508,2.625294117647059e-09,1.0442857142857143e-06
2011-09-20 09:49:00,92.9568,0.157186,0.131644,0.0930368,0.0695548,0.063008,0.0268394,2.273411764705882e-09,1.0428571428571429e-06
2011-09-20 09:50:00,93.083,0.15046,0.12492,0.086176,0.059266,0.051765,0.025628,1.3145882352941175e-09,1.0429428571428571e-06
2011-09-20 09:51:00,92.2802,0.169194,0.1195708,0.0804976,0.0570158,0.0504704,0.0305816,1.3401176470588235e-09,1.0396285714285715e-06
2011-09-20 09:52:00,91.4774,0.187928,0.1142216,0.0748192,0.0547656,0.0491758,0.0355352,1.409764705882353e-09,1.0334285714285717e-06
2011-09-20 09:53:00,90.6746,0.206662,0.1088724,0.0691408,0.0525154,0.0478812,0.0404888,1.3618823529411763e-09,1.0323285714285714e-06
2011-09-20 09:54:00,89.87180000000001,0.225396,0.1035232,0.0634624,0.0502652,0.0465866,0.0454424,1.176470588235294e-09,1.0344571428571429e-06
2011-09-20 09:55:00,89.069,0.24413,0.098174,0.057784,0.048015,0.045292,0.050396,1.897294117647059e-09,1.0312285714285715e-06
2011-09-20 09:56:00,89.9972,0.239644,0.1177711999999999,0.0778452,0.068076,0.0653536,0.051618,1.2705882352941175e-09,1.0423428571428573e-06
2011-09-20 09:57:00,90.9254,0.235158,0.1373684,0.0979064,0.088137,0.0854152,0.05284,1.176470588235294e-09,1.0287000000000002e-06
2011-09-20 09:58:00,91.8536,0.230672,0.1569656,0.1179676,0.108198,0.1054768,0.054062,1.2252941176470587e-09,1.0223142857142855e-06
2011-09-20 09:59:00,92.7818,0.226186,0.1765628,0.1380288,0.128259,0.1255384,0.055284,1.855647058823529e-09,1.0205e-06
2011-09-20 10:00:00,93.71,0.2217,0.19616,0.15809,0.14832,0.1456,0.056506,2.66435294117647e-09,1.0265857142857145e-06
2011-09-20 10:01:00,93.4274,0.226968,0.201426,0.163176,0.148796,0.144792,0.0497258,2.443411764705882e-09,1.0325285714285714e-06
2011-09-20 10:02:00,93.1448,0.232236,0.206692,0.168262,0.149272,0.143984,0.0429456,3.411058823529412e-09,1.0325285714285714e-06
2011-09-20 10:03:00,92.8622,0.237504,0.2119579999999999,0.173348,0.149748,0.143176,0.0361654,1.883764705882353e-09,1.0262e-06
2011-09-20 10:04:00,92.5796,0.242772,0.217224,0.1784339999999999,0.150224,0.142368,0.0293852,1.249764705882353e-09,1.0214142857142856e-06
2011-09-20 10:05:00,92.297,0.24804,0.22249,0.18352,0.1507,0.14156,0.022605,2.478705882352941e-09,1.0285142857142858e-06
2011-09-20 10:06:00,92.0684,0.221824,0.196275,0.1574854,0.1292756,0.121419,0.0260764,3.104470588235294e-09,1.0460857142857145e-06
2011-09-20 10:07:00,91.8398,0.195608,0.17006,0.1314507999999999,0.1078512,0.1012779999999999,0.0295478,1.7892941176470584e-09,1.058057142857143e-06
2011-09-20 10:08:00,91.6112,0.169392,0.143845,0.1054161999999999,0.0864268,0.0811369999999999,0.0330192,1.970470588235294e-09,1.0507428571428573e-06
2011-09-20 10:09:00,91.3826,0.1431759999999999,0.11763,0.0793816,0.0650024,0.0609959999999999,0.0364906,1.2009411764705883e-09,1.0557857142857143e-06
2011-09-20 10:10:00,91.154,0.11696,0.091415,0.053347,0.043578,0.040855,0.039962,1.429176470588235e-09,1.0443142857142857e-06
2011-09-20 10:11:00,91.532,0.129334,0.10379,0.0657216,0.0559524,0.05323,0.0445256,4.507058823529411e-09,1.0358857142857143e-06
2011-09-20 10:12:00,91.91,0.141708,0.116165,0.0780962,0.0683268,0.065605,0.0490892,6.4058823529411765e-09,1.0404e-06
2011-09-20 10:13:00,92.288,0.154082,0.12854,0.0904708,0.0807012,0.07798,0.0536528,3.442705882352941e-09,1.0446714285714286e-06
2011-09-20 10:14:00,92.666,0.166456,0.140915,0.1028454,0.0930756,0.090355,0.0582164,4.1136470588235294e-09,1.0307e-06
2011-09-20 10:15:00,93.044,0.17883,0.15329,0.11522,0.10545,0.10273,0.06278,4.934705882352941e-09,1.0259285714285711e-06
2011-09-20 10:16:00,93.754,0.189714,0.152652,0.112504,0.1027332,0.1000126,0.0600486,4.948235294117647e-09,1.0224428571428573e-06
2011-09-20 10:17:00,94.464,0.200598,0.152014,0.109788,0.1000164,0.0972952,0.0573172,1.2236470588235295e-09,1.0240857142857143e-06
2011-09-20 10:18:00,95.174,0.211482,0.151376,0.107072,0.0972996,0.0945778,0.0545858,1.3194117647058823e-09,1.029171428571429e-06
2011-09-20 10:19:00,95.884,0.222366,0.150738,0.1043559999999999,0.0945828,0.0918604,0.0518544,1.176470588235294e-09,1.0364e-06
2011-09-20 10:20:00,96.594,0.23325,0.1501,0.10164,0.091866,0.089143,0.049123,1.176470588235294e-09,1.0484428571428571e-06
2011-09-20 10:21:00,96.2368,0.252486,0.180858,0.1057299999999999,0.0901698,0.0862192,0.0515396,1.176470588235294e-09,1.066e-06
2011-09-20 10:22:00,95.8796,0.271722,0.211616,0.10982,0.0884736,0.0832954,0.0539562,1.176470588235294e-09,1.0603142857142858e-06
2011-09-20 10:23:00,95.5224,0.290958,0.242374,0.11391,0.0867774,0.0803716,0.0563728,1.176470588235294e-09,1.0480285714285715e-06
2011-09-20 10:24:00,95.1652,0.3101939999999999,0.273132,0.118,0.0850812,0.0774478,0.0587894,1.2001176470588235e-09,1.0555571428571428e-06
2011-09-20 10:25:00,94.808,0.32943,0.30389,0.12209,0.083385,0.074524,0.061206,1.7199999999999999e-09,1.0537142857142855e-06
2011-09-20 10:26:00,96.5984,0.286936,0.261395,0.1083414,0.0754236,0.0677902,0.0535366,1.249764705882353e-09,1.0331714285714288e-06
2011-09-20 10:27:00,98.3888,0.244442,0.2188999999999999,0.0945928,0.0674622,0.0610564,0.0458672,1.452705882352941e-09,1.0139571428571428e-06
2011-09-20 10:28:00,100.1792,0.201948,0.176405,0.0808442,0.0595008,0.0543226,0.0381978,1.176470588235294e-09,1.0025428571428573e-06
2011-09-20 10:29:00,101.9696,0.159454,0.13391,0.0670956,0.0515394,0.0475888,0.0305283999999999,1.176470588235294e-09,1.0061571428571429e-06
2011-09-20 10:30:00,103.76,0.11696,0.091415,0.053347,0.043578,0.040855,0.022859,1.3818823529411762e-09,1.0300714285714283e-06
2011-09-20 10:31:00,104.86,0.154494,0.1031779999999999,0.053347,0.043578,0.040855,0.022859,4.235764705882353e-09,1.065857142857143e-06
2011-09-20 10:32:00,105.96,0.1920279999999999,0.114941,0.053347,0.043578,0.040855,0.022859,7.038823529411764e-09,1.1046285714285715e-06
2011-09-20 10:33:00,107.06,0.229562,0.1267039999999999,0.053347,0.043578,0.040855,0.022859,1.1605176470588235e-08,1.1505e-06
2011-09-20 10:34:00,108.16,0.267096,0.138467,0.053347,0.043578,0.040855,0.022859,1.543294117647059e-08,1.180357142857143e-06
2011-09-20 10:35:00,109.26,0.30463,0.15023,0.053347,0.043578,0.040855,0.022859,9.435058823529413e-09,1.1567142857142856e-06
2011-09-20 10:36:00,108.546,0.28014,0.151512,0.0661556,0.0503918,0.0459978,0.026,7.310117647058824e-09,1.1382285714285715e-06
2011-09-20 10:37:00,107.832,0.25565,0.152794,0.0789642,0.0572055999999999,0.0511406,0.029141,4.614470588235294e-09,1.0890428571428572e-06
2011-09-20 10:38:00,107.118,0.23116,0.154076,0.0917727999999999,0.0640194,0.0562834,0.032282,2.499529411764706e-09,1.0492e-06
2011-09-20 10:39:00,106.404,0.20667,0.155358,0.1045813999999999,0.0708332,0.0614262,0.035423,1.699294117647059e-09,1.0277428571428572e-06
2011-09-20 10:40:00,105.69,0.18218,0.15664,0.11739,0.077647,0.066569,0.038564,1.294470588235294e-09,1.018457142857143e-06
2011-09-20 10:41:00,104.646,0.198638,0.156886,0.114852,0.078691,0.0686116,0.0377218,1.176470588235294e-09,1.0007285714285711e-06
2011-09-20 10:42:00,103.602,0.215096,0.157132,0.112314,0.079735,0.0706542,0.0368796,1.2009411764705883e-09,9.909142857142857e-07
2011-09-20 10:43:00,102.558,0.2315539999999999,0.157378,0.109776,0.0807789999999999,0.0726968,0.0360374,1.176470588235294e-09,9.84071428571429e-07
2011-09-20 10:44:00,101.514,0.2480119999999999,0.157624,0.107238,0.0818229999999999,0.0747394,0.0351952,1.2236470588235295e-09,9.827285714285717e-07
2011-09-20 10:45:00,100.47,0.26447,0.15787,0.1047,0.082867,0.076782,0.034353,1.176470588235294e-09,9.82e-07
2011-09-20 10:46:00,102.532,0.25068,0.160292,0.1026008,0.0831808,0.0777682,0.0320034,1.2741176470588235e-09,9.78257142857143e-07
2011-09-20 10:47:00,104.594,0.23689,0.162714,0.1005016,0.0834946,0.0787544,0.0296538,1.937058823529412e-09,9.782428571428571e-07
2011-09-20 10:48:00,106.656,0.2231,0.165136,0.0984024,0.0838083999999999,0.0797406,0.0273042,5.296352941176471e-09,9.777285714285715e-07
2011-09-20 10:49:00,108.718,0.20931,0.1675579999999999,0.0963031999999999,0.0841222,0.0807268,0.0249546,2.412705882352941e-09,9.76957142857143e-07
2011-09-20 10:50:00,110.78,0.19552,0.16998,0.094204,0.084436,0.081713,0.022605,2.902823529411765e-09,9.71657142857143e-07
2011-09-20 10:51:00,111.056,0.179808,0.154267,0.0860326,0.0762644,0.0735413999999999,0.0301446,2.291176470588236e-09,9.92471428571429e-07
2011-09-20 10:52:00,111.332,0.164096,0.138554,0.0778611999999999,0.0680928,0.0653698,0.0376842,1.9461176470588236e-09,9.993142857142857e-07
2011-09-20 10:53:00,111.608,0.148384,0.122841,0.0696898,0.0599212,0.0571982,0.0452238,1.176470588235294e-09,9.953142857142858e-07
2011-09-20 10:54:00,111.884,0.132672,0.107128,0.0615184,0.0517496,0.0490266,0.0527634,1.5943529411764707e-09,1.0084714285714286e-06
2011-09-20 10:55:00,112.16,0.11696,0.091415,0.053347,0.043578,0.040855,0.060303,2.4262352941176468e-09,1.012757142857143e-06
2011-09-20 10:56:00,111.998,0.144812,0.101064,0.057996,0.048227,0.045504,0.0543076,1.827647058823529e-09,1.0134e-06
2011-09-20 10:57:00,111.836,0.1726639999999999,0.110713,0.0626449999999999,0.0528759999999999,0.050153,0.0483122,5.468470588235294e-09,1.0011e-06
2011-09-20 10:58:00,111.674,0.2005159999999999,0.120362,0.0672939999999999,0.0575249999999999,0.054802,0.0423168,8.666470588235294e-09,9.942714285714286e-07
2011-09-20 10:59:00,111.512,0.228368,0.130011,0.071943,0.0621739999999999,0.059451,0.0363214,4.433764705882353e-09,9.958285714285716e-07
2011-09-20 11:00:00,111.35,0.25622,0.13966,0.076592,0.066823,0.0641,0.030326,1.5672941176470591e-09,9.918142857142855e-07
2011-09-20 11:01:00,111.552,0.23753,0.139174,0.0811051999999999,0.0713361999999999,0.0686132,0.0379947999999999,2.405647058823529e-09,1.0037142857142858e-06
2011-09-20 11:02:00,111.754,0.21884,0.138688,0.0856184,0.0758494,0.0731264,0.0456636,4.256470588235294e-09,1.0255428571428573e-06
2011-09-20 11:03:00,111.956,0.20015,0.138202,0.0901315999999999,0.0803625999999999,0.0776396,0.0533323999999999,5.2303529411764706e-09,1.0718142857142856e-06
2011-09-20 11:04:00,112.158,0.18146,0.137716,0.0946448,0.0848758,0.0821528,0.0610011999999999,1.0363411764705881e-08,1.1174e-06
2011-09-20 11:05:00,112.36,0.16277,0.13723,0.099158,0.089389,0.086666,0.06867,1.3323529411764708e-08,1.1854e-06
2011-09-20 11:06:00,112.672,0.2137279999999999,0.1532599999999999,0.1012243999999999,0.0906435999999999,0.0876944,0.0646262,1.364e-08,1.2158857142857143e-06
2011-09-20 11:07:00,112.984,0.264686,0.16929,0.1032908,0.0918982,0.0887228,0.0605823999999999,1.062564705882353e-08,1.2060857142857144e-06
2011-09-20 11:08:00,113.296,0.3156439999999999,0.1853199999999999,0.1053572,0.0931528,0.0897512,0.0565386,1.0384470588235291e-08,1.1744142857142857e-06
2011-09-20 11:09:00,113.608,0.366602,0.2013499999999999,0.1074236,0.0944074,0.0907796,0.0524948,9.977647058823532e-09,1.1381000000000002e-06
2011-09-20 11:10:00,113.92,0.41756,0.21738,0.10949,0.095662,0.091808,0.048451,1.106270588235294e-08,1.1213e-06
2011-09-20 11:11:00,116.038,0.3756919999999999,0.210438,0.11626,0.0968216,0.0914046,0.0466188,9.48929411764706e-09,1.1046571428571429e-06
2011-09-20 11:12:00,118.156,0.333824,0.2034959999999999,0.12303,0.0979811999999999,0.0910012,0.0447866,1.0203647058823531e-08,1.0940285714285714e-06
2011-09-20 11:13:00,120.274,0.291956,0.196554,0.1298,0.0991408,0.0905977999999999,0.0429544,7.988352941176472e-09,1.0851142857142858e-06
2011-09-20 11:14:00,122.392,0.250088,0.189612,0.13657,0.1003004,0.0901944,0.0411222,5.337411764705883e-09,1.0830428571428572e-06
2011-09-20 11:15:00,124.51,0.20822,0.18267,0.14334,0.10146,0.089791,0.03929,8.259529411764707e-09,1.086414285714286e-06
2011-09-20 11:16:00,123.584,0.2337759999999999,0.177894,0.129206,0.0937484,0.0838686,0.0434926,9.073411764705884e-09,1.0884714285714287e-06
2011-09-20 11:17:00,122.658,0.259332,0.173118,0.115072,0.0860368,0.0779462,0.0476952,9.096e-09,1.0861714285714283e-06
2011-09-20 11:18:00,121.732,0.284888,0.168342,0.100938,0.0783252,0.0720238,0.0518978,8.078705882352942e-09,1.0949428571428572e-06
2011-09-20 11:19:00,120.806,0.310444,0.163566,0.0868039999999999,0.0706136,0.0661014,0.0561004,1.0520117647058825e-08,1.1161285714285715e-06
2011-09-20 11:20:00,119.88,0.336,0.15879,0.07267,0.062902,0.060179,0.060303,1.3142352941176473e-08,1.1401714285714286e-06
2011-09-20 11:21:00,121.03,0.333158,0.174784,0.0734525999999999,0.0636844,0.0609614,0.0578262,1.4122352941176473e-08,1.1406285714285717e-06
2011-09-20 11:22:00,122.18,0.330316,0.190778,0.0742352,0.0644668,0.0617438,0.0553494,1.0836588235294117e-08,1.137842857142857e-06
2011-09-20 11:23:00,123.33,0.327474,0.2067719999999999,0.0750178,0.0652492,0.0625262,0.0528726,9.796705882352941e-09,1.1304714285714289e-06
2011-09-20 11:24:00,124.48,0.324632,0.222766,0.0758004,0.0660316,0.0633085999999999,0.0503958,1.1587058823529413e-08,1.1243857142857142e-06
2011-09-20 11:25:00,125.63,0.32179,0.23876,0.076583,0.066814,0.064091,0.047919,1.0429764705882354e-08,1.1149714285714286e-06
2011-09-20 11:26:00,125.206,0.298478,0.22466,0.0779686,0.065251,0.061706,0.0429654,8.802117647058824e-09,1.1081142857142858e-06
2011-09-20 11:27:00,124.782,0.275166,0.21056,0.0793542,0.063688,0.059321,0.0380118,9.299411764705882e-09,1.1095428571428573e-06
2011-09-20 11:28:00,124.358,0.251854,0.19646,0.0807398,0.062125,0.056936,0.0330582,7.828588235294117e-09,1.1220142857142858e-06
2011-09-20 11:29:00,123.934,0.228542,0.18236,0.0821254,0.060562,0.0545509999999999,0.0281046,5.682470588235294e-09,1.114057142857143e-06
2011-09-20 11:30:00,123.51,0.20523,0.16826,0.083511,0.058999,0.052166,0.023151,7.626588235294118e-09,1.1058e-06
2011-09-20 11:31:00,124.104,0.187822,0.1531368,0.077724,0.0561606,0.0501495999999999,0.0233384,9.88258823529412e-09,1.1049e-06
2011-09-20 11:32:00,124.698,0.170414,0.1380136,0.071937,0.0533222,0.0481332,0.0235258,6.1798823529411775e-09,1.109414285714286e-06
2011-09-20 11:33:00,125.292,0.153006,0.1228904,0.06615,0.0504838,0.0461168,0.0237132,5.863294117647059e-09,1.1087714285714287e-06
2011-09-20 11:34:00,125.886,0.135598,0.1077672,0.060363,0.0476454,0.0441004,0.0239005999999999,9.183411764705885e-09,1.1472428571428571e-06
2011-09-20 11:35:00,126.48,0.11819,0.092644,0.054576,0.044807,0.042084,0.024088,1.2690588235294116e-08,1.2314000000000002e-06
2011-09-20 11:36:00,125.368,0.124044,0.0984992,0.060412,0.0501516,0.0472916,0.0284488,1.0474941176470588e-08,1.2242857142857143e-06
2011-09-20 11:37:00,124.256,0.129898,0.1043544,0.066248,0.0554961999999999,0.0524992,0.0328096,8.44035294117647e-09,1.204914285714286e-06
2011-09-20 11:38:00,123.144,0.135752,0.1102096,0.072084,0.0608408,0.0577068,0.0371704,9.533058823529413e-09,1.1934714285714283e-06
2011-09-20 11:39:00,122.032,0.141606,0.1160648,0.0779199999999999,0.0661854,0.0629144,0.0415312,1.2961176470588236e-08,1.1938e-06
2011-09-20 11:40:00,120.92,0.14746,0.12192,0.083756,0.07153,0.068122,0.045892,1.3277647058823533e-08,1.1882428571428572e-06
2011-09-20 11:41:00,120.668,0.168442,0.12774,0.0890847999999999,0.0769688,0.0735914,0.044316,1.1849411764705884e-08,1.1919714285714286e-06
2011-09-20 11:42:00,120.416,0.1894239999999999,0.1335599999999999,0.0944136,0.0824076,0.0790608,0.04274,1.3323529411764708e-08,1.2051714285714286e-06
2011-09-20 11:43:00,120.164,0.2104059999999999,0.13938,0.0997424,0.0878464,0.0845302,0.041164,1.2870588235294122e-08,1.2200285714285715e-06
2011-09-20 11:44:00,119.912,0.2313879999999999,0.1452,0.1050712,0.0932852,0.0899996,0.039588,1.3641176470588236e-08,1.2248142857142857e-06
2011-09-20 11:45:00,119.66,0.25237,0.15102,0.1104,0.098724,0.095469,0.038012,1.364e-08,1.2281714285714286e-06
2011-09-20 11:46:00,120.236,0.241504,0.143152,0.1007928,0.0881008,0.0845628,0.0350397999999999,1.6216470588235294e-08,1.2469e-06
2011-09-20 11:47:00,120.812,0.2306379999999999,0.135284,0.0911856,0.0774776,0.0736566,0.0320676,2.3405882352941186e-08,1.3011857142857144e-06
2011-09-20 11:48:00,121.388,0.219772,0.127416,0.0815784,0.0668544,0.0627504,0.0290954,3.0510588235294115e-08,1.399457142857143e-06
2011-09-20 11:49:00,121.964,0.2089059999999999,0.119548,0.0719712,0.0562312,0.0518442,0.0261232,4.3298823529411774e-08,1.6014285714285714e-06
2011-09-20 11:50:00,122.54,0.19804,0.11168,0.062364,0.045608,0.040938,0.023151,4.890470588235295e-08,1.760857142857143e-06
2011-09-20 11:51:00,121.782,0.22452,0.150324,0.1027652,0.0660924,0.050402,0.0234048,8.693294117647059e-08,2.240714285714286e-06
2011-09-20 11:52:00,121.024,0.251,0.188968,0.1431664,0.0865768,0.059866,0.0236586,9.596941176470588e-08,2.34e-06
2011-09-20 11:53:00,120.266,0.27748,0.2276119999999999,0.1835676,0.1070612,0.06933,0.0239124,9.15835294117647e-08,2.3262857142857145e-06
2011-09-20 11:54:00,119.508,0.30396,0.266256,0.2239688,0.1275455999999999,0.078794,0.0241662,8.133882352941178e-08,2.3002857142857147e-06
2011-09-20 11:55:00,118.75,0.33044,0.3049,0.26437,0.14803,0.088258,0.02442,6.02529411764706e-08,2.0995714285714286e-06
2011-09-20 11:56:00,119.542,0.311242,0.271324,0.2307024,0.1334744,0.0844984,0.0298026,4.045058823529412e-08,1.8544285714285715e-06
2011-09-20 11:57:00,120.334,0.292044,0.237748,0.1970348,0.1189187999999999,0.0807388,0.0351852,3.2131764705882355e-08,1.6897142857142857e-06
2011-09-20 11:58:00,121.126,0.272846,0.204172,0.1633672,0.1043632,0.0769792,0.0405678,2.7232941176470597e-08,1.590857142857143e-06
2011-09-20 11:59:00,121.918,0.253648,0.170596,0.1296996,0.0898076,0.0732196,0.0459504,2.5395294117647057e-08,1.5328571428571429e-06
2011-09-20 12:00:00,122.71,0.23445,0.13702,0.096032,0.075252,0.06946,0.051333,2.5123529411764708e-08,1.4947142857142858e-06
2011-09-20 12:01:00,123.712,0.217228,0.134176,0.0937688,0.0751262,0.0699298,0.0518282,2.1027058823529413e-08,1.4717142857142856e-06
2011-09-20 12:02:00,124.714,0.200006,0.131332,0.0915056,0.0750004,0.0703995999999999,0.0523234,2.1551764705882352e-08,1.4477142857142857e-06
2011-09-20 12:03:00,125.716,0.182784,0.128488,0.0892424,0.0748746,0.0708694,0.0528186,2.033058823529412e-08,1.438857142857143e-06
2011-09-20 12:04:00,126.718,0.165562,0.125644,0.0869792,0.0747487999999999,0.0713391999999999,0.0533138,2.3518823529411765e-08,1.4292857142857145e-06
2011-09-20 12:05:00,127.72,0.14834,0.1228,0.084716,0.074623,0.071809,0.053809,2.331529411764705e-08,1.4233e-06
2011-09-20 12:06:00,128.73,0.161206,0.135666,0.0974888,0.0850484,0.0815811999999999,0.0475682,1.933647058823529e-08,1.4164428571428572e-06
2011-09-20 12:07:00,129.74,0.174072,0.148532,0.1102615999999999,0.0954738,0.0913534,0.0413274,1.8703529411764707e-08,1.4172285714285715e-06
2011-09-20 12:08:00,130.75,0.186938,0.1613979999999999,0.1230343999999999,0.1058992,0.1011256,0.0350866,1.7968235294117647e-08,1.4215714285714287e-06
2011-09-20 12:09:00,131.76000000000002,0.1998039999999999,0.174264,0.1358072,0.1163246,0.1108977999999999,0.0288458,1.6985882352941182e-08,1.415157142857143e-06
2011-09-20 12:10:00,132.77,0.21267,0.18713,0.14858,0.12675,0.12067,0.022605,1.6397647058823532e-08,1.406242857142857e-06
2011-09-20 12:11:00,130.774,0.200788,0.175248,0.1365788,0.111702,0.1047718,0.022605,1.569529411764706e-08,1.391214285714286e-06
2011-09-20 12:12:00,128.77800000000002,0.188906,0.1633659999999999,0.1245776,0.096654,0.0888736,0.022605,1.6488235294117646e-08,1.396157142857143e-06
2011-09-20 12:13:00,126.782,0.177024,0.151484,0.1125764,0.081606,0.0729754,0.022605,1.4454117647058824e-08,1.389057142857143e-06
2011-09-20 12:14:00,124.786,0.165142,0.139602,0.1005752,0.066558,0.0570771999999999,0.022605,1.4860000000000002e-08,1.3868571428571431e-06
2011-09-20 12:15:00,122.79,0.15326,0.12772,0.088574,0.05151,0.041179,0.022605,2.0983529411764705e-08,1.389342857142857e-06
2011-09-20 12:16:00,122.768,0.146,0.120459,0.0815286,0.0499236,0.0411142,0.0226558,2.2365882352941178e-08,1.448857142857143e-06
2011-09-20 12:17:00,122.746,0.13874,0.113198,0.0744832,0.0483372,0.0410494,0.0227066,5.2385882352941184e-08,1.7491428571428574e-06
2011-09-20 12:18:00,122.724,0.1314799999999999,0.105937,0.0674377999999999,0.0467507999999999,0.0409846,0.0227574,1.212352941176471e-07,2.354e-06
2011-09-20 12:19:00,122.702,0.12422,0.098676,0.0603924,0.0451644,0.0409198,0.0228082,1.1070823529411765e-07,2.505428571428572e-06
2011-09-20 12:20:00,122.68,0.11696,0.091415,0.053347,0.043578,0.040855,0.022859,1.009882352941177e-07,2.4517142857142857e-06
2011-09-20 12:21:00,124.012,0.140256,0.103652,0.0635896,0.0538212,0.0510982,0.0239082,9.217764705882352e-08,2.3947142857142857e-06
2011-09-20 12:22:00,125.344,0.163552,0.115889,0.0738322,0.0640644,0.0613414,0.0249574,8.733411764705885e-08,2.3281428571428573e-06
2011-09-20 12:23:00,126.676,0.186848,0.128126,0.0840748,0.0743076,0.0715846,0.0260066,7.544352941176472e-08,2.231571428571429e-06
2011-09-20 12:24:00,128.008,0.210144,0.140363,0.0943174,0.0845508,0.0818278,0.0270558,5.65e-08,2.099714285714286e-06
2011-09-20 12:25:00,129.34,0.23344,0.1526,0.10456,0.094794,0.092071,0.028105,4.5327058823529416e-08,1.989571428571429e-06
2011-09-20 12:26:00,130.328,0.24541,0.17563,0.107218,0.0942794,0.0906722,0.0358624,4.0992941176470586e-08,1.897e-06
2011-09-20 12:27:00,131.316,0.25738,0.19866,0.109876,0.0937648,0.0892734,0.0436198,3.606470588235295e-08,1.826857142857143e-06
2011-09-20 12:28:00,132.304,0.26935,0.22169,0.112534,0.0932502,0.0878746,0.0513772,3.3570588235294124e-08,1.7722857142857144e-06
2011-09-20 12:29:00,133.292,0.28132,0.24472,0.115192,0.0927356,0.0864758,0.0591345999999999,4.081176470588237e-08,1.852e-06
2011-09-20 12:30:00,134.28,0.29329,0.26775,0.11785,0.092221,0.085077,0.066892,6.05235294117647e-08,2.106714285714286e-06
2011-09-20 12:31:00,134.948,0.274066,0.248526,0.120992,0.0985347999999999,0.0922756,0.0681128,7.185529411764706e-08,2.2997142857142858e-06
2011-09-20 12:32:00,135.616,0.254842,0.229302,0.124134,0.1048486,0.0994742,0.0693336,7.291176470588236e-08,2.4112857142857145e-06
2011-09-20 12:33:00,136.284,0.235618,0.210078,0.127276,0.1111624,0.1066728,0.0705544,7.842705882352944e-08,2.5352857142857145e-06
2011-09-20 12:34:00,136.952,0.216394,0.190854,0.130418,0.1174762,0.1138714,0.0717752,8.222588235294119e-08,2.560428571428572e-06
2011-09-20 12:35:00,137.62,0.19717,0.17163,0.13356,0.12379,0.12107,0.072996,7.404e-08,2.4862857142857147e-06
2011-09-20 12:36:00,138.20000000000002,0.188792,0.161164,0.1227168,0.1129469999999999,0.1102264,0.068168,6.074941176470589e-08,2.3447142857142857e-06
2011-09-20 12:37:00,138.78,0.180414,0.150698,0.1118736,0.102104,0.0993828,0.06334,5.0894117647058825e-08,2.2204285714285715e-06
2011-09-20 12:38:00,139.36,0.172036,0.140232,0.1010304,0.091261,0.0885392,0.058512,4.5414117647058825e-08,2.149857142857143e-06
2011-09-20 12:39:00,139.94,0.163658,0.129766,0.0901872,0.0804179999999999,0.0776956,0.0536839999999999,4.176117647058824e-08,2.083857142857143e-06
2011-09-20 12:40:00,140.52,0.15528,0.1193,0.079344,0.069575,0.066852,0.048856,3.8098823529411774e-08,2.024714285714286e-06
2011-09-20 12:41:00,141.91,0.194308,0.151592,0.0967712,0.08416,0.0806436,0.05065,3.759058823529412e-08,1.9632857142857143e-06
2011-09-20 12:42:00,143.3,0.233336,0.183884,0.1141983999999999,0.098745,0.0944352,0.052444,3.669764705882353e-08,1.9207142857142857e-06
2011-09-20 12:43:00,144.69,0.272364,0.216176,0.1316255999999999,0.1133299999999999,0.1082267999999999,0.054238,3.6109411764705896e-08,1.8832857142857145e-06
2011-09-20 12:44:00,146.08,0.311392,0.248468,0.1490527999999999,0.127915,0.1220183999999999,0.056032,3.29e-08,1.8598571428571429e-06
2011-09-20 12:45:00,147.47,0.35042,0.28076,0.16648,0.1425,0.13581,0.057826,3.628000000000001e-08,1.876714285714286e-06
2011-09-20 12:46:00,145.746,0.352932,0.27993,0.15352,0.1248919999999999,0.1169077999999999,0.0508326,3.276470588235294e-08,1.899142857142857e-06
2011-09-20 12:47:00,144.022,0.355444,0.2791,0.14056,0.1072839999999999,0.0980056,0.0438392,3.78729411764706e-08,1.9614285714285715e-06
2011-09-20 12:48:00,142.298,0.357956,0.27827,0.1276,0.089676,0.0791033999999999,0.0368458,4.0475294117647064e-08,2.0011428571428573e-06
2011-09-20 12:49:00,140.57399999999998,0.360468,0.27744,0.11464,0.072068,0.0602011999999999,0.0298524,4.4790588235294114e-08,2.021142857142857e-06
2011-09-20 12:50:00,138.85,0.36298,0.27661,0.10168,0.05446,0.041299,0.022859,4.66435294117647e-08,2.0272857142857145e-06
2011-09-20 12:51:00,139.124,0.319924,0.24572,0.0980462,0.0553678,0.0434724,0.0250862,5.220470588235294e-08,2.100428571428572e-06
2011-09-20 12:52:00,139.398,0.276868,0.21483,0.0944124,0.0562756,0.0456458,0.0273134,6.285294117647059e-08,2.2575714285714287e-06
2011-09-20 12:53:00,139.672,0.233812,0.18394,0.0907786,0.0571834,0.0478192,0.0295406,6.463764705882353e-08,2.342428571428572e-06
2011-09-20 12:54:00,139.946,0.190756,0.15305,0.0871448,0.0580912,0.0499926,0.0317678,6.748705882352941e-08,2.396857142857143e-06
2011-09-20 12:55:00,140.22,0.1477,0.12216,0.083511,0.058999,0.052166,0.033995,6.748470588235295e-08,2.4531428571428574e-06
2011-09-20 12:56:00,139.93,0.141552,0.116011,0.0774782,0.0559148,0.0499038,0.033533,7.31835294117647e-08,2.4811428571428574e-06
2011-09-20 12:57:00,139.64,0.135404,0.109862,0.0714454,0.0528306,0.0476416,0.0330709999999999,7.842705882352944e-08,2.5055714285714286e-06
2011-09-20 12:58:00,139.35,0.1292559999999999,0.103713,0.0654126,0.0497463999999999,0.0453794,0.032609,7.736235294117647e-08,2.539428571428572e-06
2011-09-20 12:59:00,139.06,0.123108,0.097564,0.0593797999999999,0.0466622,0.0431172,0.0321469999999999,8.199882352941176e-08,2.582428571428572e-06
2011-09-20 13:00:00,138.77,0.11696,0.091415,0.053347,0.043578,0.040855,0.031685,8.60235294117647e-08,2.672714285714286e-06
2011-09-20 13:01:00,139.65200000000002,0.1366,0.09647,0.0577714,0.0445742,0.0408956,0.030969,8.850941176470588e-08,2.72e-06
2011-09-20 13:02:00,140.53400000000002,0.15624,0.101525,0.0621957999999999,0.0455704,0.0409362,0.030253,9.248352941176473e-08,2.7505714285714284e-06
2011-09-20 13:03:00,141.416,0.1758799999999999,0.10658,0.0666201999999999,0.0465666,0.0409768,0.029537,9.615058823529413e-08,2.787142857142857e-06
2011-09-20 13:04:00,142.298,0.1955199999999999,0.111635,0.0710446,0.0475627999999999,0.0410173999999999,0.028821,9.823058823529413e-08,2.823571428571429e-06
2011-09-20 13:05:00,143.18,0.21516,0.11669,0.075469,0.048559,0.041058,0.028105,1.0284235294117649e-07,2.8691428571428573e-06
2011-09-20 13:06:00,140.91400000000002,0.216086,0.1322,0.0914372,0.0635652,0.0557963999999999,0.0319532,1.0492117647058825e-07,2.909e-06
2011-09-20 13:07:00,138.648,0.217012,0.14771,0.1074054,0.0785714,0.0705348,0.0358014,1.0460470588235297e-07,2.938e-06
2011-09-20 13:08:00,136.382,0.217938,0.16322,0.1233736,0.0935776,0.0852732,0.0396496,1.0607529411764706e-07,2.979428571428572e-06
2011-09-20 13:09:00,134.116,0.218864,0.17873,0.1393418,0.1085838,0.1000116,0.0434978,1.0966823529411765e-07,3.0330000000000004e-06
2011-09-20 13:10:00,131.85,0.21979,0.19424,0.15531,0.12359,0.11475,0.047346,1.1007529411764709e-07,3.0941428571428573e-06
2011-09-20 13:11:00,133.01999999999998,0.22138,0.181382,0.1420234,0.1120648,0.1037156,0.0461617999999999,1.124270588235294e-07,3.158714285714286e-06
2011-09-20 13:12:00,134.19,0.22297,0.168524,0.1287368,0.1005396,0.0926812,0.0449776,1.171329411764706e-07,3.2311428571428574e-06
2011-09-20 13:13:00,135.36,0.22456,0.155666,0.1154502,0.0890144,0.0816467999999999,0.0437933999999999,1.1848235294117649e-07,3.2751428571428573e-06
2011-09-20 13:14:00,136.53,0.22615,0.142808,0.1021636,0.0774892,0.0706123999999999,0.0426092,1.2065882352941178e-07,3.322e-06
2011-09-20 13:15:00,137.7,0.22774,0.12995,0.088877,0.065964,0.059578,0.041425,1.2347058823529413e-07,3.369714285714286e-06
2011-09-20 13:16:00,135.844,0.223874,0.125948,0.0848848,0.0621879999999999,0.055862,0.0377118,1.2301176470588238e-07,3.407714285714286e-06
2011-09-20 13:17:00,133.988,0.220008,0.121946,0.0808926,0.058412,0.052146,0.0339986,1.2594117647058824e-07,3.4340000000000005e-06
2011-09-20 13:18:00,132.13199999999998,0.216142,0.117944,0.0769004,0.054636,0.04843,0.0302854,1.286235294117647e-07,3.458142857142857e-06
2011-09-20 13:19:00,130.27599999999998,0.212276,0.113942,0.0729082,0.05086,0.044714,0.0265722,1.2458823529411764e-07,3.476857142857143e-06
2011-09-20 13:20:00,128.42,0.20841,0.10994,0.068916,0.047084,0.040998,0.022859,1.222823529411765e-07,3.4902857142857147e-06
2011-09-20 13:21:00,128.524,0.204062,0.120178,0.0797448,0.0603252,0.0549124,0.0291857999999999,1.2024705882352945e-07,3.5025714285714286e-06
2011-09-20 13:22:00,128.628,0.199714,0.130416,0.0905736,0.0735664,0.0688268,0.0355126,1.199294117647059e-07,3.497428571428572e-06
2011-09-20 13:23:00,128.732,0.195366,0.140654,0.1014024,0.0868076,0.0827411999999999,0.0418394,1.166764705882353e-07,3.485142857142857e-06
2011-09-20 13:24:00,128.83599999999998,0.191018,0.150892,0.1122312,0.1000488,0.0966556,0.0481661999999999,1.1319529411764709e-07,3.475142857142857e-06
2011-09-20 13:25:00,128.94,0.18667,0.16113,0.12306,0.11329,0.11057,0.054493,1.081294117647059e-07,3.4612857142857147e-06
2011-09-20 13:26:00,129.314,0.197786,0.172244,0.1183266,0.1085568,0.1058362,0.0539812,1.0469529411764709e-07,3.4452857142857147e-06
2011-09-20 13:27:00,129.688,0.208902,0.183358,0.1135932,0.1038236,0.1011024,0.0534694,1.0080705882352945e-07,3.4402857142857148e-06
2011-09-20 13:28:00,130.062,0.220018,0.194472,0.1088598,0.0990904,0.0963686,0.0529576,9.97223529411765e-08,3.4365714285714287e-06
2011-09-20 13:29:00,130.436,0.231134,0.205586,0.1041264,0.0943572,0.0916348,0.0524458,1.026235294117647e-07,3.481e-06
2011-09-20 13:30:00,130.81,0.24225,0.2167,0.099393,0.089624,0.086901,0.051934,9.94964705882353e-08,3.5241428571428574e-06
2011-09-20 13:31:00,131.448,0.221752,0.196202,0.0946081999999999,0.081411,0.0777324,0.046119,1.0026470588235294e-07,3.5211428571428576e-06
2011-09-20 13:32:00,132.086,0.201254,0.175704,0.0898234,0.073198,0.0685638,0.040304,9.991411764705885e-08,3.5001428571428573e-06
2011-09-20 13:33:00,132.724,0.180756,0.155206,0.0850385999999999,0.0649849999999999,0.0593951999999999,0.034489,9.945058823529413e-08,3.481e-06
2011-09-20 13:34:00,133.362,0.160258,0.134708,0.0802537999999999,0.0567719999999999,0.0502265999999999,0.028674,9.786823529411765e-08,3.4670000000000004e-06
2011-09-20 13:35:00,134.0,0.13976,0.11421,0.075469,0.048559,0.041058,0.022859,9.278941176470589e-08,3.4594285714285714e-06
2011-09-20 13:36:00,134.08,0.155768,0.115842,0.0767392,0.0532576,0.0467121999999999,0.0228082,8.896235294117648e-08,3.449e-06
2011-09-20 13:37:00,134.16,0.1717759999999999,0.117474,0.0780093999999999,0.0579562,0.0523664,0.0227574,8.760588235294119e-08,3.4214285714285715e-06
2011-09-20 13:38:00,134.24,0.187784,0.119106,0.0792796,0.0626548,0.0580206,0.0227066,9.068e-08,3.402285714285715e-06
2011-09-20 13:39:00,134.32,0.203792,0.120738,0.0805498,0.0673534,0.0636748,0.0226558,8.487882352941177e-08,3.3924285714285715e-06
2011-09-20 13:40:00,134.4,0.2198,0.12237,0.08182,0.072052,0.069329,0.022605,8.588705882352944e-08,3.375428571428572e-06
2011-09-20 13:41:00,134.64,0.2254779999999999,0.142426,0.0778572,0.068089,0.065366,0.022605,8.738e-08,3.3581428571428576e-06
2011-09-20 13:42:00,134.88,0.231156,0.162482,0.0738944,0.064126,0.061403,0.022605,8.632117647058825e-08,3.348e-06
2011-09-20 13:43:00,135.12,0.236834,0.182538,0.0699316,0.060163,0.05744,0.022605,9.19e-08,3.4287142857142863e-06
2011-09-20 13:44:00,135.36,0.242512,0.202594,0.0659688,0.0562,0.053477,0.022605,9.33023529411765e-08,3.497428571428572e-06
2011-09-20 13:45:00,135.6,0.24819,0.22265,0.062006,0.052237,0.049514,0.022605,8.911882352941176e-08,3.470428571428572e-06
2011-09-20 13:46:00,136.088,0.255698,0.20603,0.0694364,0.0596673999999999,0.0569444,0.031818,8.810352941176474e-08,3.433e-06
2011-09-20 13:47:00,136.576,0.263206,0.18941,0.0768668,0.0670978,0.0643748,0.041031,9.20364705882353e-08,3.439e-06
2011-09-20 13:48:00,137.064,0.270714,0.17279,0.0842971999999999,0.0745281999999999,0.0718052,0.050244,9.420588235294117e-08,3.468571428571429e-06
2011-09-20 13:49:00,137.552,0.2782219999999999,0.15617,0.0917275999999999,0.0819585999999999,0.0792356,0.0594569999999999,9.86458823529412e-08,3.5157142857142856e-06
2011-09-20 13:50:00,138.04,0.28573,0.13955,0.099158,0.089389,0.086666,0.06867,1.0546470588235296e-07,3.5497142857142856e-06
2011-09-20 13:51:00,137.92,0.255372,0.133318,0.0933908,0.083622,0.080899,0.0620429999999999,1.112058823529412e-07,3.562285714285714e-06
2011-09-20 13:52:00,137.79999999999998,0.225014,0.127086,0.0876236,0.077855,0.075132,0.0554159999999999,1.084364705882353e-07,3.5737142857142858e-06
2011-09-20 13:53:00,137.68,0.194656,0.120854,0.0818564,0.072088,0.069365,0.048789,1.1346588235294121e-07,3.5851428571428573e-06
2011-09-20 13:54:00,137.56,0.164298,0.114622,0.0760892,0.0663209999999999,0.063598,0.042162,1.156364705882353e-07,3.575714285714286e-06
2011-09-20 13:55:00,137.44,0.13394,0.10839,0.070322,0.060554,0.057831,0.035535,1.1639058823529413e-07,3.558571428571429e-06
2011-09-20 13:56:00,137.358,0.139318,0.11377,0.075331,0.0584424,0.0544816,0.032949,1.1179411764705885e-07,3.5181428571428578e-06
2011-09-20 13:57:00,137.276,0.144696,0.1191499999999999,0.08034,0.0563308,0.0511322,0.0303629999999999,1.0772470588235297e-07,3.482714285714286e-06
2011-09-20 13:58:00,137.194,0.1500739999999999,0.12453,0.085349,0.0542191999999999,0.0477828,0.027777,1.0541882352941177e-07,3.4522857142857144e-06
2011-09-20 13:59:00,137.112,0.155452,0.12991,0.090358,0.0521076,0.0444334,0.0251909999999999,1.0279764705882353e-07,3.4374285714285715e-06
2011-09-20 14:00:00,137.03,0.16083,0.13529,0.095367,0.049996,0.041084,0.022605,9.895411764705885e-08,3.400714285714286e-06
2011-09-20 14:01:00,136.8,0.154778,0.129238,0.0896855999999999,0.051435,0.0437608,0.0276908,9.456823529411764e-08,3.348428571428572e-06
2011-09-20 14:02:00,136.57,0.148726,0.1231859999999999,0.0840042,0.052874,0.0464376,0.0327766,9.248352941176473e-08,3.2952857142857145e-06
2011-09-20 14:03:00,136.34,0.142674,0.1171339999999999,0.0783228,0.054313,0.0491144,0.0378624,8.557058823529411e-08,3.243142857142857e-06
2011-09-20 14:04:00,136.11,0.136622,0.111082,0.0726414,0.0557519999999999,0.0517912,0.0429482,8.561647058823529e-08,3.197428571428572e-06
2011-09-20 14:05:00,135.88,0.13057,0.10503,0.06696,0.057191,0.054468,0.048034,7.829176470588237e-08,3.145857142857143e-06
2011-09-20 14:06:00,137.242,0.140368,0.112574,0.06696,0.057191,0.054468,0.0445434,7.71e-08,3.117714285714286e-06
2011-09-20 14:07:00,138.60399999999998,0.150166,0.1201179999999999,0.06696,0.057191,0.054468,0.0410528,7.598588235294117e-08,3.091142857142857e-06
2011-09-20 14:08:00,139.966,0.159964,0.127662,0.06696,0.057191,0.054468,0.0375622,7.26858823529412e-08,3.062142857142857e-06
2011-09-20 14:09:00,141.328,0.169762,0.135206,0.06696,0.057191,0.054468,0.0340716,7.098117647058823e-08,3.0310000000000003e-06
2011-09-20 14:10:00,142.69,0.17956,0.14275,0.06696,0.057191,0.054468,0.030581,6.947529411764709e-08,2.9982857142857146e-06
2011-09-20 14:11:00,142.96,0.2494019999999999,0.163164,0.0642374,0.0544684,0.0517454,0.0290366,6.581411764705884e-08,2.965428571428572e-06
2011-09-20 14:12:00,143.23,0.3192439999999999,0.183578,0.0615148,0.0517458,0.0490228,0.0274922,6.76164705882353e-08,2.932571428571429e-06
2011-09-20 14:13:00,143.5,0.3890859999999999,0.203992,0.0587922,0.0490232,0.0463002,0.0259478,6.490941176470588e-08,2.914857142857143e-06
2011-09-20 14:14:00,143.76999999999998,0.4589279999999999,0.224406,0.0560696,0.0463006,0.0435776,0.0244034,6.165411764705882e-08,2.8917142857142858e-06
2011-09-20 14:15:00,144.04,0.52877,0.24482,0.053347,0.043578,0.040855,0.022859,6.11564705882353e-08,2.8722857142857144e-06
2011-09-20 14:16:00,144.096,0.4682019999999999,0.235934,0.0673416,0.0506483999999999,0.0465442,0.0281984,6.040470588235294e-08,2.849714285714286e-06
2011-09-20 14:17:00,144.152,0.4076339999999999,0.227048,0.0813362,0.0577188,0.0522334,0.0335378,5.640941176470589e-08,2.8090000000000005e-06
2011-09-20 14:18:00,144.208,0.347066,0.218162,0.0953308,0.0647891999999999,0.0579226,0.0388772,5.577647058823529e-08,2.787142857142857e-06
2011-09-20 14:19:00,144.26399999999998,0.286498,0.209276,0.1093254,0.0718596,0.0636118,0.0442166,5.446117647058824e-08,2.764285714285715e-06
2011-09-20 14:20:00,144.32,0.22593,0.20039,0.12332,0.07893,0.069301,0.049556,5.4827058823529415e-08,2.735714285714286e-06
2011-09-20 14:21:00,144.214,0.20482,0.1792784,0.1099958,0.072201,0.0638616,0.0444624,5.329058823529413e-08,2.716285714285714e-06
2011-09-20 14:22:00,144.108,0.1837099999999999,0.1581668,0.0966716,0.065472,0.0584222,0.0393688,5.5378823529411774e-08,2.6908571428571432e-06
2011-09-20 14:23:00,144.00199999999998,0.1626,0.1370552,0.0833474,0.058743,0.0529828,0.0342752,4.9491764705882366e-08,2.686428571428572e-06
2011-09-20 14:24:00,143.896,0.14149,0.1159436,0.0700232,0.052014,0.0475434,0.0291816,5.1075294117647066e-08,2.686428571428572e-06
2011-09-20 14:25:00,143.79,0.12038,0.094832,0.056699,0.045285,0.042104,0.024088,5.03964705882353e-08,2.680428571428572e-06
2011-09-20 14:26:00,143.65,0.191194,0.1486636,0.0965531999999999,0.069992,0.0605932,0.0297659999999999,5.227529411764706e-08,2.6661428571428573e-06
2011-09-20 14:27:00,143.51,0.262008,0.2024952,0.1364073999999999,0.094699,0.0790824,0.0354439999999999,5.1934117647058826e-08,2.6597142857142857e-06
2011-09-20 14:28:00,143.37,0.332822,0.2563267999999999,0.1762615999999999,0.1194059999999999,0.0975716,0.041122,5.1390588235294134e-08,2.657142857142857e-06
2011-09-20 14:29:00,143.23,0.403636,0.3101584,0.2161157999999999,0.144113,0.1160608,0.0467999999999999,5.114e-08,2.626571428571429e-06
2011-09-20 14:30:00,143.09,0.47445,0.36399,0.25597,0.16882,0.13455,0.052478,5.0938823529411775e-08,2.5965714285714287e-06
2011-09-20 14:31:00,142.428,0.4178179999999999,0.312178,0.2159383999999999,0.1438826,0.1158156,0.0465542,5.152705882352941e-08,2.5855714285714287e-06
2011-09-20 14:32:00,141.766,0.361186,0.260366,0.1759067999999999,0.1189452,0.0970812,0.0406304,4.624470588235294e-08,2.590714285714286e-06
2011-09-20 14:33:00,141.104,0.304554,0.208554,0.1358752,0.0940078,0.0783468,0.0347066,4.867882352941178e-08,2.600714285714286e-06
2011-09-20 14:34:00,140.442,0.247922,0.156742,0.0958436,0.0690704,0.0596123999999999,0.0287828,4.8407058823529414e-08,2.595857142857143e-06
2011-09-20 14:35:00,139.78,0.19129,0.10493,0.055812,0.044133,0.040878,0.022859,4.6417647058823536e-08,2.584714285714286e-06
2011-09-20 14:36:00,140.232,0.2063519999999999,0.12977,0.0576576,0.0451228,0.0416292,0.0288616,4.7555294117647065e-08,2.564857142857143e-06
2011-09-20 14:37:00,140.684,0.221414,0.15461,0.0595032,0.0461126,0.0423804,0.0348642,4.393176470588236e-08,2.540857142857143e-06
2011-09-20 14:38:00,141.136,0.236476,0.17945,0.0613488,0.0471024,0.0431316,0.0408668,4.262e-08,2.508e-06
2011-09-20 14:39:00,141.588,0.251538,0.20429,0.0631944,0.0480922,0.0438828,0.0468694,3.9601176470588233e-08,2.467857142857143e-06
2011-09-20 14:40:00,142.04,0.2666,0.22913,0.06504,0.049082,0.044634,0.052872,3.791882352941176e-08,2.4305714285714285e-06
2011-09-20 14:41:00,142.13,0.259242,0.209572,0.0699096,0.0492592,0.0439264,0.056835,3.9501176470588246e-08,2.398e-06
2011-09-20 14:42:00,142.22,0.251884,0.190014,0.0747792,0.0494364,0.0432188,0.060798,3.7547058823529415e-08,2.376857142857143e-06
2011-09-20 14:43:00,142.31,0.244526,0.170456,0.0796487999999999,0.0496136,0.0425112,0.064761,3.868705882352941e-08,2.374142857142857e-06
2011-09-20 14:44:00,142.4,0.237168,0.150898,0.0845184,0.0497907999999999,0.0418036,0.068724,3.8008235294117656e-08,2.353428571428572e-06
2011-09-20 14:45:00,142.49,0.22981,0.13134,0.089388,0.049968,0.041096,0.072687,3.918470588235294e-08,2.3231428571428574e-06
2011-09-20 14:46:00,141.848,0.2162599999999999,0.132376,0.0912009999999999,0.0577112,0.050069,0.0653366,3.5056470588235296e-08,2.296428571428572e-06
2011-09-20 14:47:00,141.20600000000002,0.20271,0.133412,0.093014,0.0654544,0.059042,0.0579862,3.3577647058823534e-08,2.2682857142857144e-06
2011-09-20 14:48:00,140.564,0.18916,0.134448,0.094827,0.0731976,0.0680149999999999,0.0506358,2.6389411764705885e-08,2.2462857142857144e-06
2011-09-20 14:49:00,139.922,0.17561,0.135484,0.09664,0.0809408,0.076988,0.0432854,2.8588235294117652e-08,2.235e-06
2011-09-20 14:50:00,139.28,0.16206,0.13652,0.098453,0.088684,0.085961,0.035935,2.6434117647058826e-08,2.197285714285714e-06
2011-09-20 14:51:00,140.256,0.176604,0.139048,0.091659,0.08189,0.079167,0.035547,2.449058823529412e-08,2.1520000000000003e-06
2011-09-20 14:52:00,141.232,0.191148,0.141576,0.084865,0.075096,0.0723729999999999,0.035159,2.4942352941176476e-08,2.1202857142857143e-06
2011-09-20 14:53:00,142.208,0.2056919999999999,0.1441039999999999,0.078071,0.068302,0.065579,0.0347709999999999,2.1551764705882352e-08,2.093428571428572e-06
2011-09-20 14:54:00,143.184,0.220236,0.1466319999999999,0.071277,0.061508,0.058785,0.034383,1.9788235294117653e-08,2.060857142857143e-06
2011-09-20 14:55:00,144.16,0.23478,0.14916,0.064483,0.054714,0.051991,0.033995,2.1144705882352944e-08,2.0272857142857145e-06
2011-09-20 14:56:00,143.92,0.234756,0.161152,0.064397,0.0546279999999999,0.0519052,0.0324556,1.936705882352941e-08,2.0042857142857145e-06
2011-09-20 14:57:00,143.68,0.234732,0.173144,0.064311,0.054542,0.0518194,0.0309161999999999,2.2501176470588242e-08,1.9925714285714286e-06
2011-09-20 14:58:00,143.44,0.234708,0.185136,0.064225,0.054456,0.0517336,0.0293767999999999,2.1687058823529414e-08,1.9748571428571432e-06
2011-09-20 14:59:00,143.20000000000002,0.234684,0.197128,0.064139,0.05437,0.0516478,0.0278373999999999,1.906117647058824e-08,1.946571428571429e-06
2011-09-20 15:00:00,142.96,0.23466,0.20912,0.064053,0.054284,0.051562,0.026298,1.9381176470588235e-08,1.9282857142857143e-06
2011-09-20 15:01:00,142.36,0.211628,0.186087,0.0624047999999999,0.0522537999999999,0.0494251999999999,0.034585,2.1235294117647065e-08,1.920857142857143e-06
2011-09-20 15:02:00,141.76000000000002,0.1885959999999999,0.163054,0.0607566,0.0502236,0.0472883999999999,0.0428719999999999,2.0150588235294123e-08,1.8992857142857144e-06
2011-09-20 15:03:00,141.16,0.165564,0.140021,0.0591084,0.0481934,0.0451516,0.0511589999999999,1.849176470588236e-08,1.878428571428572e-06
2011-09-20 15:04:00,140.56,0.142532,0.116988,0.0574602,0.0461632,0.0430148,0.059446,2.1732941176470587e-08,1.8977142857142856e-06
2011-09-20 15:05:00,139.96,0.1195,0.093955,0.055812,0.044133,0.040878,0.067733,2.905647058823529e-08,1.971142857142857e-06
2011-09-20 15:06:00,141.704,0.140898,0.103502,0.0631406,0.049428,0.0456062,0.0598074,3.247764705882353e-08,2.02e-06
2011-09-20 15:07:00,143.448,0.162296,0.113049,0.0704692,0.054723,0.0503344,0.0518818,3.5024705882352944e-08,2.052e-06
2011-09-20 15:08:00,145.192,0.183694,0.122596,0.0777978,0.060018,0.0550626,0.0439562,3.606470588235295e-08,2.0557142857142856e-06
2011-09-20 15:09:00,146.936,0.205092,0.132143,0.0851263999999999,0.065313,0.0597908,0.0360306,3.3132941176470593e-08,2.035714285714286e-06
2011-09-20 15:10:00,148.68,0.22649,0.14169,0.092455,0.070608,0.064519,0.028105,2.7971764705882363e-08,2.000285714285714e-06
2011-09-20 15:11:00,147.428,0.214578,0.14163,0.094362,0.0691996,0.0625572,0.030432,2.4942352941176476e-08,1.970857142857143e-06
2011-09-20 15:12:00,146.176,0.2026659999999999,0.14157,0.096269,0.0677912,0.0605954,0.0327589999999999,2.4716470588235294e-08,1.935428571428572e-06
2011-09-20 15:13:00,144.924,0.1907539999999999,0.14151,0.098176,0.0663828,0.0586336,0.035086,2.2556470588235293e-08,1.8992857142857144e-06
2011-09-20 15:14:00,143.672,0.178842,0.14145,0.1000829999999999,0.0649744,0.0566718,0.037413,2.0828235294117648e-08,1.8852857142857144e-06
2011-09-20 15:15:00,142.42,0.16693,0.14139,0.10199,0.063566,0.05471,0.03974,2.2365882352941178e-08,1.8695714285714287e-06
2011-09-20 15:16:00,144.016,0.187736,0.1621959999999999,0.101448,0.0632959999999999,0.054145,0.0401348,1.9104705882352944e-08,1.8602857142857144e-06
2011-09-20 15:17:00,145.612,0.208542,0.183002,0.100906,0.063026,0.05358,0.0405296,1.8522352941176472e-08,1.8562857142857143e-06
2011-09-20 15:18:00,147.208,0.229348,0.203808,0.100364,0.062756,0.053015,0.0409244,1.7347058823529413e-08,1.846e-06
2011-09-20 15:19:00,148.804,0.250154,0.2246139999999999,0.099822,0.062486,0.05245,0.0413192,1.7311764705882352e-08,1.8255714285714288e-06
2011-09-20 15:20:00,150.4,0.27096,0.24542,0.09928,0.062216,0.051885,0.041714,1.6125882352941176e-08,1.7951428571428573e-06
2011-09-20 15:21:00,150.53,0.256918,0.231378,0.095788,0.0641832,0.0553738,0.0479086,1.273529411764706e-08,1.7577142857142857e-06
2011-09-20 15:22:00,150.66,0.2428759999999999,0.217336,0.092296,0.0661504,0.0588626,0.0541032,9.435058823529413e-09,1.733857142857143e-06
2011-09-20 15:23:00,150.79000000000002,0.2288339999999999,0.203294,0.088804,0.0681176,0.0623514,0.0602978,1.0319647058823529e-08,1.7205714285714288e-06
2011-09-20 15:24:00,150.92000000000002,0.214792,0.189252,0.085312,0.0700848,0.0658402,0.0664924,1.0474941176470588e-08,1.7010000000000003e-06
2011-09-20 15:25:00,151.05,0.20075,0.17521,0.08182,0.072052,0.069329,0.072687,1.3775294117647062e-08,1.678857142857143e-06
2011-09-20 15:26:00,151.38,0.195896,0.170356,0.087758,0.071086,0.0664388,0.0632752,1.4165882352941177e-08,1.6574285714285711e-06
2011-09-20 15:27:00,151.71,0.191042,0.165502,0.093696,0.07012,0.0635486,0.0538634,1.1107882352941177e-08,1.6352857142857145e-06
2011-09-20 15:28:00,152.04,0.186188,0.1606479999999999,0.099634,0.069154,0.0606584,0.0444515999999999,1.4272941176470589e-08,1.6131428571428572e-06
2011-09-20 15:29:00,152.37,0.181334,0.155794,0.105572,0.068188,0.0577682,0.0350397999999999,1.6171764705882353e-08,1.6035714285714286e-06
2011-09-20 15:30:00,152.7,0.17648,0.15094,0.11151,0.067222,0.054878,0.025628,2.094e-08,1.589142857142857e-06
2011-09-20 15:31:00,151.368,0.1674479999999999,0.139474,0.0998774,0.0624932,0.0520734,0.0250742,2.0014117647058825e-08,1.5991428571428572e-06
2011-09-20 15:32:00,150.036,0.158416,0.1280079999999999,0.0882448,0.0577644,0.0492688,0.0245204,2.024e-08,1.5974285714285715e-06
2011-09-20 15:33:00,148.70399999999998,0.149384,0.1165419999999999,0.0766121999999999,0.0530356,0.0464642,0.0239666,1.8404705882352944e-08,1.5874285714285716e-06
2011-09-20 15:34:00,147.372,0.1403519999999999,0.105076,0.0649796,0.0483068,0.0436596,0.0234128,1.8522352941176472e-08,1.5885714285714286e-06
2011-09-20 15:35:00,146.04,0.13132,0.09361,0.053347,0.043578,0.040855,0.022859,1.4047058823529413e-08,1.579714285714286e-06
2011-09-20 15:36:00,145.702,0.1318959999999999,0.09662,0.0567588,0.046072,0.0430932,0.0250862,1.3554117647058822e-08,1.5662857142857144e-06
2011-09-20 15:37:00,145.364,0.132472,0.09963,0.0601706,0.048566,0.0453314,0.0273134,1.495058823529412e-08,1.5501428571428571e-06
2011-09-20 15:38:00,145.02599999999998,0.133048,0.10264,0.0635824,0.05106,0.0475696,0.0295406,1.128870588235294e-08,1.5401428571428574e-06
2011-09-20 15:39:00,144.688,0.133624,0.10565,0.0669942,0.053554,0.0498078,0.0317678,7.264941176470588e-09,1.531714285714286e-06
2011-09-20 15:40:00,144.35,0.1342,0.10866,0.070406,0.056048,0.052046,0.033995,9.620470588235294e-09,1.5362857142857142e-06
2011-09-20 15:41:00,144.838,0.145874,0.117834,0.0791668,0.0657264,0.0619808,0.0382657999999999,8.756941176470589e-09,1.537e-06
2011-09-20 15:42:00,145.326,0.157548,0.127008,0.0879276,0.0754048,0.0719156,0.0425366,1.2509411764705884e-08,1.5311428571428574e-06
2011-09-20 15:43:00,145.814,0.1692219999999999,0.136182,0.0966884,0.0850832,0.0818504,0.0468074,1.1587058823529413e-08,1.5282857142857145e-06
2011-09-20 15:44:00,146.302,0.180896,0.1453559999999999,0.1054492,0.0947616,0.0917852,0.0510782,1.1876470588235294e-08,1.5281428571428571e-06
2011-09-20 15:45:00,146.79,0.19257,0.15453,0.11421,0.10444,0.10172,0.055349,1.481529411764706e-08,1.5461428571428572e-06
2011-09-20 15:46:00,145.844,0.179306,0.143766,0.1038408,0.0926736,0.0895636,0.0518246,1.569529411764706e-08,1.5881428571428574e-06
2011-09-20 15:47:00,144.898,0.166042,0.133002,0.0934716,0.0809072,0.0774072,0.0483002,1.4860000000000002e-08,1.5934285714285714e-06
2011-09-20 15:48:00,143.952,0.152778,0.122238,0.0831024,0.0691408,0.0652508,0.0447758,1.7302352941176472e-08,1.5712857142857143e-06
2011-09-20 15:49:00,143.006,0.139514,0.1114739999999999,0.0727332,0.0573744,0.0530944,0.0412513999999999,2.2003529411764704e-08,1.5697142857142858e-06
2011-09-20 15:50:00,142.06,0.12625,0.10071,0.062364,0.045608,0.040938,0.037727,2.1988235294117653e-08,1.5721428571428573e-06
2011-09-20 15:51:00,143.19,0.139414,0.113874,0.0755192,0.0585484,0.0538164,0.0437281999999999,2.3767058823529413e-08,1.5874285714285716e-06
2011-09-20 15:52:00,144.32,0.152578,0.127038,0.0886744,0.0714888,0.0666948,0.0497294,2.6072941176470592e-08,1.610857142857143e-06
2011-09-20 15:53:00,145.45000000000002,0.165742,0.140202,0.1018296,0.0844292,0.0795732,0.0557306,3.221529411764706e-08,1.6515714285714289e-06
2011-09-20 15:54:00,146.58,0.178906,0.153366,0.1149848,0.0973696,0.0924516,0.0617318,3.78729411764706e-08,1.6880000000000002e-06
2011-09-20 15:55:00,147.71,0.19207,0.16653,0.12814,0.11031,0.10533,0.067733,4.3478823529411767e-08,1.7280000000000002e-06
2011-09-20 15:56:00,146.734,0.1961,0.168634,0.1208576,0.1046398,0.1001112,0.0664344,4.5895294117647056e-08,1.7640000000000002e-06
2011-09-20 15:57:00,145.758,0.20013,0.170738,0.1135752,0.0989696,0.0948924,0.0651358,4.628235294117648e-08,1.803e-06
2011-09-20 15:58:00,144.782,0.2041599999999999,0.172842,0.1062928,0.0932994,0.0896735999999999,0.0638372,5.148117647058825e-08,1.8491428571428567e-06
2011-09-20 15:59:00,143.806,0.20819,0.174946,0.0990104,0.0876292,0.0844548,0.0625386,5.3877647058823544e-08,1.8824285714285715e-06
2011-09-20 16:00:00,142.83,0.21222,0.17705,0.091728,0.081959,0.079236,0.06124,5.852588235294119e-08,1.910571428571429e-06
2011-09-20 16:01:00,143.48600000000002,0.2133239999999999,0.1604044,0.0840518,0.0742828,0.0715598,0.0587076,5.68164705882353e-08,1.925857142857143e-06
2011-09-20 16:02:00,144.14200000000002,0.2144279999999999,0.1437588,0.0763756,0.0666066,0.0638836,0.0561752,6.007176470588236e-08,1.952857142857143e-06
2011-09-20 16:03:00,144.798,0.215532,0.1271132,0.0686994,0.0589304,0.0562074,0.0536428,6.56929411764706e-08,1.9802857142857143e-06
2011-09-20 16:04:00,145.454,0.216636,0.1104676,0.0610232,0.0512542,0.0485312,0.0511104,6.86164705882353e-08,2.011285714285714e-06
2011-09-20 16:05:00,146.11,0.21774,0.093822,0.053347,0.043578,0.040855,0.048578,6.680823529411765e-08,2.0231428571428573e-06
2011-09-20 16:06:00,144.554,0.23043,0.1261876,0.0655196,0.0557504,0.053028,0.0530842,6.644705882352942e-08,2.030428571428572e-06
2011-09-20 16:07:00,142.99800000000002,0.24312,0.1585532,0.0776922,0.0679228,0.065201,0.0575904,6.29835294117647e-08,2.0372857142857144e-06
2011-09-20 16:08:00,141.442,0.25581,0.1909188,0.0898648,0.0800952,0.077374,0.0620966,5.989058823529412e-08,2.040857142857143e-06
2011-09-20 16:09:00,139.88600000000002,0.2685,0.2232844,0.1020374,0.0922676,0.089547,0.0666028,5.885058823529412e-08,2.04e-06
2011-09-20 16:10:00,138.33,0.28119,0.25565,0.11421,0.10444,0.10172,0.071109,5.590352941176471e-08,2.045e-06
2011-09-20 16:11:00,139.90200000000002,0.25299,0.2274499999999999,0.1066846,0.0969148,0.0941942,0.0661062,5.7856470588235295e-08,2.054142857142857e-06
2011-09-20 16:12:00,141.47400000000002,0.22479,0.1992499999999999,0.0991592,0.0893896,0.0866684,0.0611034,5.5731764705882354e-08,2.0454285714285715e-06
2011-09-20 16:13:00,143.046,0.19659,0.17105,0.0916338,0.0818644,0.0791426,0.0561006,5.7782352941176484e-08,2.045571428571429e-06
2011-09-20 16:14:00,144.618,0.16839,0.14285,0.0841084,0.0743392,0.0716168,0.0510978,5.7765882352941184e-08,2.046e-06
2011-09-20 16:15:00,146.19,0.14019,0.11465,0.076583,0.066814,0.064091,0.046095,5.790117647058825e-08,2.050857142857143e-06
2011-09-20 16:16:00,145.246,0.135544,0.110003,0.0719358,0.0621668,0.0594438,0.0484412,5.8308235294117646e-08,2.0642857142857143e-06
2011-09-20 16:17:00,144.302,0.130898,0.105356,0.0672886,0.0575196,0.0547966,0.0507873999999999,5.918117647058825e-08,2.071e-06
2011-09-20 16:18:00,143.358,0.126252,0.1007089999999999,0.0626414,0.0528724,0.0501494,0.0531336,6.251294117647059e-08,2.1091428571428574e-06
2011-09-20 16:19:00,142.414,0.1216059999999999,0.096062,0.0579941999999999,0.0482251999999999,0.0455022,0.0554798,6.183529411764707e-08,2.129142857142857e-06
2011-09-20 16:20:00,141.47,0.11696,0.091415,0.053347,0.043578,0.040855,0.057826,5.988e-08,2.1261428571428574e-06
2011-09-20 16:21:00,143.406,0.155372,0.129828,0.0714115999999999,0.0616424,0.05892,0.0591258,6.228705882352943e-08,2.1268571428571432e-06
2011-09-20 16:22:00,145.342,0.193784,0.168241,0.0894761999999999,0.0797068,0.076985,0.0604255999999999,6.328235294117648e-08,2.131e-06
2011-09-20 16:23:00,147.278,0.232196,0.206654,0.1075407999999999,0.0977712,0.09505,0.0617254,5.974941176470588e-08,2.131857142857143e-06
2011-09-20 16:24:00,149.214,0.270608,0.245067,0.1256053999999999,0.1158355999999999,0.113115,0.0630251999999999,5.966470588235295e-08,2.128428571428572e-06
2011-09-20 16:25:00,151.15,0.30902,0.28348,0.14367,0.1339,0.13118,0.064325,5.6590588235294134e-08,2.1385714285714286e-06
2011-09-20 16:26:00,150.41400000000002,0.31965,0.268608,0.1348512,0.1250816,0.122361,0.0652775999999999,5.4465882352941194e-08,2.1492857142857143e-06
2011-09-20 16:27:00,149.678,0.33028,0.253736,0.1260324,0.1162632,0.1135419999999999,0.0662301999999999,5.476705882352941e-08,2.1531428571428573e-06
2011-09-20 16:28:00,148.942,0.34091,0.238864,0.1172136,0.1074448,0.104723,0.0671828,5.8037647058823536e-08,2.1542857142857143e-06
2011-09-20 16:29:00,148.206,0.35154,0.223992,0.1083948,0.0986264,0.0959039999999999,0.0681354,5.975529411764707e-08,2.1581428571428573e-06
2011-09-20 16:30:00,147.47,0.36217,0.20912,0.099576,0.089808,0.087085,0.069088,6.106e-08,2.167714285714286e-06
2011-09-20 16:31:00,147.43,0.315598,0.188048,0.0928,0.083032,0.0803089999999999,0.0618112,5.7314117647058825e-08,2.179142857142857e-06
2011-09-20 16:32:00,147.39,0.269026,0.166976,0.086024,0.076256,0.073533,0.0545344,5.424e-08,2.180142857142857e-06
2011-09-20 16:33:00,147.35,0.222454,0.145904,0.079248,0.06948,0.066757,0.0472576,5.459176470588237e-08,2.1804285714285715e-06
2011-09-20 16:34:00,147.31,0.175882,0.124832,0.072472,0.062704,0.059981,0.0399808,5.491764705882353e-08,2.167428571428572e-06
2011-09-20 16:35:00,147.27,0.12931,0.10376,0.065696,0.055928,0.053205,0.032704,5.378705882352941e-08,2.1584285714285715e-06
2011-09-20 16:36:00,146.66400000000002,0.137758,0.11221,0.0741448,0.0643762,0.0616532,0.0306842,5.166235294117647e-08,2.1462857142857145e-06
2011-09-20 16:37:00,146.05800000000002,0.146206,0.12066,0.0825936,0.0728244,0.0701014,0.0286644,5.1576470588235294e-08,2.1455714285714287e-06
2011-09-20 16:38:00,145.452,0.154654,0.12911,0.0910424,0.0812726,0.0785496,0.0266445999999999,4.8588235294117656e-08,2.142571428571429e-06
2011-09-20 16:39:00,144.846,0.163102,0.13756,0.0994912,0.0897208,0.0869978,0.0246248,4.646352941176472e-08,2.126428571428572e-06
2011-09-20 16:40:00,144.24,0.17155,0.14601,0.10794,0.098169,0.095446,0.022605,4.292352941176471e-08,2.111857142857143e-06
2011-09-20 16:41:00,144.804,0.160632,0.135091,0.0970214,0.0872508,0.0845278,0.0271032,4.284588235294117e-08,2.0971428571428573e-06
2011-09-20 16:42:00,145.368,0.149714,0.124172,0.0861028,0.0763326,0.0736096,0.0316014,4.126352941176472e-08,2.0831428571428576e-06
2011-09-20 16:43:00,145.93200000000002,0.138796,0.1132529999999999,0.0751842,0.0654144,0.0626914,0.0360995999999999,3.9817647058823536e-08,2.071857142857143e-06
2011-09-20 16:44:00,146.496,0.127878,0.102334,0.0642656,0.0544962,0.0517732,0.0405977999999999,3.780941176470589e-08,2.0515714285714284e-06
2011-09-20 16:45:00,147.06,0.11696,0.091415,0.053347,0.043578,0.040855,0.045096,3.136235294117647e-08,2.031714285714285e-06
2011-09-20 16:46:00,147.678,0.19343,0.1386959999999999,0.0689156,0.0516574,0.0468468,0.0405977999999999,3.2085882352941175e-08,2.0182857142857147e-06
2011-09-20 16:47:00,148.296,0.2699,0.185977,0.0844842,0.0597367999999999,0.0528386,0.0360995999999999,3.632352941176471e-08,1.998857142857143e-06
2011-09-20 16:48:00,148.91400000000002,0.34637,0.233258,0.1000528,0.0678162,0.0588304,0.0316014,3.457294117647059e-08,1.9982857142857144e-06
2011-09-20 16:49:00,149.532,0.42284,0.280539,0.1156213999999999,0.0758956,0.0648222,0.0271032,3.7511764705882354e-08,1.993857142857143e-06
2011-09-20 16:50:00,150.15,0.49931,0.32782,0.13119,0.083975,0.070814,0.022605,3.62364705882353e-08,1.9902857142857147e-06
2011-09-20 16:51:00,150.668,0.425934,0.283634,0.1186756,0.0779252,0.0665662,0.0259674,3.525058823529412e-08,1.985428571428572e-06
2011-09-20 16:52:00,151.186,0.352558,0.239448,0.1061612,0.0718753999999999,0.0623184,0.0293298,3.3849411764705894e-08,1.9765714285714287e-06
2011-09-20 16:53:00,151.704,0.279182,0.195262,0.0936468,0.0658256,0.0580706,0.0326922,3.3351764705882355e-08,1.9515714285714285e-06
2011-09-20 16:54:00,152.222,0.205806,0.151076,0.0811324,0.0597758,0.0538228,0.0360546,3.129764705882353e-08,1.924142857142857e-06
2011-09-20 16:55:00,152.74,0.13243,0.10689,0.068618,0.053726,0.049575,0.039417,2.648e-08,1.894142857142857e-06
2011-09-20 16:56:00,152.868,0.15666,0.1193,0.0707632,0.0568958,0.0530304,0.0401266,2.467176470588236e-08,1.8675714285714288e-06
2011-09-20 16:57:00,152.996,0.18089,0.13171,0.0729084,0.0600656,0.0564857999999999,0.0408362,2.4261176470588243e-08,1.853428571428572e-06
2011-09-20 16:58:00,153.124,0.20512,0.14412,0.0750536,0.0632354,0.0599412,0.0415458,2.8649411764705884e-08,1.911714285714286e-06
2011-09-20 16:59:00,153.252,0.22935,0.15653,0.0771988,0.0664052,0.0633966,0.0422554,3.330705882352941e-08,1.963428571428572e-06
2011-09-20 17:00:00,153.38,0.25358,0.16894,0.079344,0.069575,0.066852,0.042965,2.9068235294117647e-08,1.952428571428572e-06
2011-09-20 17:01:00,153.566,0.233006,0.158032,0.0783532,0.0685842,0.0658612,0.0431524,2.3767058823529413e-08,1.9061428571428567e-06
2011-09-20 17:02:00,153.752,0.212432,0.147124,0.0773624,0.0675934,0.0648704,0.0433398,1.9788235294117653e-08,1.853e-06
2011-09-20 17:03:00,153.938,0.191858,0.136216,0.0763716,0.0666026,0.0638796,0.0435272,1.8387058823529414e-08,1.807428571428572e-06
2011-09-20 17:04:00,154.124,0.171284,0.125308,0.0753808,0.0656118,0.0628888,0.0437146,1.844823529411765e-08,1.7764285714285716e-06
2011-09-20 17:05:00,154.31,0.15071,0.1144,0.07439,0.064621,0.061898,0.043902,1.798e-08,1.7424285714285714e-06
2011-09-20 17:06:00,153.404,0.16047,0.125092,0.085246,0.0753607999999999,0.0726044,0.0397518,1.8612941176470596e-08,1.7244285714285715e-06
2011-09-20 17:07:00,152.498,0.17023,0.135784,0.0961019999999999,0.0861006,0.0833108,0.0356016,1.7311764705882352e-08,1.7165714285714289e-06
2011-09-20 17:08:00,151.592,0.1799899999999999,0.146476,0.106958,0.0968404,0.0940172,0.0314514,1.743764705882353e-08,1.715857142857143e-06
2011-09-20 17:09:00,150.686,0.18975,0.157168,0.117814,0.1075801999999999,0.1047236,0.0273012,1.7528235294117648e-08,1.7204285714285716e-06
2011-09-20 17:10:00,149.78,0.19951,0.16786,0.12867,0.11832,0.11543,0.023151,1.8885882352941185e-08,1.739857142857143e-06
2011-09-20 17:11:00,147.464,0.198768,0.165412,0.125918,0.115684,0.112828,0.0275508,1.9743529411764712e-08,1.760714285714286e-06
2011-09-20 17:12:00,145.148,0.198026,0.162964,0.123166,0.113048,0.110226,0.0319506,2.3134117647058823e-08,1.7477142857142858e-06
2011-09-20 17:13:00,142.832,0.197284,0.160516,0.120414,0.110412,0.107624,0.0363504,2.1687058823529414e-08,1.723857142857143e-06
2011-09-20 17:14:00,140.516,0.196542,0.158068,0.117662,0.107776,0.105022,0.0407502,1.8536470588235294e-08,1.7015714285714286e-06
2011-09-20 17:15:00,138.2,0.1958,0.15562,0.11491,0.10514,0.10242,0.04515,1.9110588235294122e-08,1.6842857142857146e-06
2011-09-20 17:16:00,137.92399999999998,0.199638,0.1506,0.108292,0.0985224,0.0958017999999999,0.040641,1.8929411764705883e-08,1.664e-06
2011-09-20 17:17:00,137.648,0.203476,0.14558,0.101674,0.0919048,0.0891836,0.036132,1.6044705882352942e-08,1.6418571428571428e-06
2011-09-20 17:18:00,137.372,0.207314,0.14056,0.095056,0.0852872,0.0825654,0.031623,1.3097647058823529e-08,1.6311428571428573e-06
2011-09-20 17:19:00,137.096,0.2111519999999999,0.13554,0.088438,0.0786696,0.0759471999999999,0.027114,1.3007058823529411e-08,1.6162857142857143e-06
2011-09-20 17:20:00,136.82,0.21499,0.13052,0.08182,0.072052,0.069329,0.022605,1.3188235294117648e-08,1.602e-06
2011-09-20 17:21:00,136.674,0.200088,0.127402,0.0808294,0.0710612,0.0683382,0.0273598,1.3029411764705882e-08,1.5981428571428571e-06
2011-09-20 17:22:00,136.528,0.185186,0.124284,0.0798388,0.0700704,0.0673474,0.0321146,1.2237647058823528e-08,1.6112857142857144e-06
2011-09-20 17:23:00,136.382,0.170284,0.121166,0.0788482,0.0690796,0.0663566,0.0368694,1.2057647058823533e-08,1.6415714285714283e-06
2011-09-20 17:24:00,136.236,0.155382,0.118048,0.0778576,0.0680888,0.0653658,0.0416242,1.386e-08,1.6572857142857142e-06
2011-09-20 17:25:00,136.09,0.14048,0.11493,0.076867,0.067098,0.064375,0.046379,1.666941176470588e-08,1.656857142857143e-06
2011-09-20 17:26:00,136.618,0.15891,0.121196,0.080567,0.0636776,0.0597168,0.0461916,1.6216470588235294e-08,1.660571428571429e-06
2011-09-20 17:27:00,137.146,0.17734,0.127462,0.084267,0.0602572,0.0550586,0.0460042,1.4777647058823531e-08,1.6534285714285717e-06
2011-09-20 17:28:00,137.674,0.19577,0.133728,0.0879669999999999,0.0568368,0.0504004,0.0458168,1.4408235294117649e-08,1.6412857142857145e-06
2011-09-20 17:29:00,138.202,0.2142,0.139994,0.091667,0.0534164,0.0457422,0.0456294,9.661058823529412e-09,1.610857142857143e-06
2011-09-20 17:30:00,138.73,0.23263,0.14626,0.095367,0.049996,0.041084,0.045442,9.615882352941178e-09,1.586e-06
2011-09-20 17:31:00,139.612,0.212368,0.13573,0.086963,0.0487123999999999,0.0410382,0.0409254,8.134470588235294e-09,1.5657142857142857e-06
2011-09-20 17:32:00,140.494,0.192106,0.1252,0.0785589999999999,0.0474288,0.0409924,0.0364088,6.496352941176471e-09,1.5554285714285715e-06
2011-09-20 17:33:00,141.37599999999998,0.171844,0.11467,0.070155,0.0461452,0.0409466,0.0318922,6.8128235294117644e-09,1.553e-06
2011-09-20 17:34:00,142.25799999999998,0.151582,0.10414,0.061751,0.0448616,0.0409008,0.0273756,8.396705882352942e-09,1.5534285714285714e-06
2011-09-20 17:35:00,143.14,0.13132,0.09361,0.053347,0.043578,0.040855,0.022859,9.525411764705882e-09,1.562857142857143e-06
2011-09-20 17:36:00,144.536,0.1424659999999999,0.10719,0.0670956,0.0515394,0.0475888,0.0295444,1.2374117647058824e-08,1.590857142857143e-06
2011-09-20 17:37:00,145.932,0.153612,0.1207699999999999,0.0808442,0.0595008,0.0543226,0.0362298,1.4034117647058824e-08,1.6192857142857143e-06
2011-09-20 17:38:00,147.328,0.164758,0.13435,0.0945928,0.0674622,0.0610564,0.0429152,1.8838823529411772e-08,1.6897142857142857e-06
2011-09-20 17:39:00,148.724,0.175904,0.14793,0.1083414,0.0754236,0.0677902,0.0496005999999999,4.1037647058823536e-08,1.8858571428571431e-06
2011-09-20 17:40:00,150.12,0.18705,0.16151,0.12209,0.083385,0.074524,0.056286,6.943058823529414e-08,2.2052857142857143e-06
2011-09-20 17:41:00,148.78,0.1793259999999999,0.1515979999999999,0.1120546,0.079137,0.0715036,0.0533138,7.841058823529412e-08,2.360857142857143e-06
2011-09-20 17:42:00,147.44,0.171602,0.1416859999999999,0.1020192,0.074889,0.0684832,0.0503416,7.508235294117648e-08,2.407428571428572e-06
2011-09-20 17:43:00,146.1,0.163878,0.131774,0.0919838,0.070641,0.0654628,0.0473694,6.888823529411765e-08,2.397e-06
2011-09-20 17:44:00,144.76,0.156154,0.121862,0.0819484,0.066393,0.0624424,0.0443972,5.7345882352941184e-08,2.3437142857142857e-06
2011-09-20 17:45:00,143.42,0.14843,0.11195,0.071913,0.062145,0.059422,0.041425,4.971882352941176e-08,2.268428571428572e-06
2011-09-20 17:46:00,144.504,0.153108,0.118814,0.0790004,0.0648922,0.0609594,0.0429112,4.185176470588235e-08,2.194142857142857e-06
2011-09-20 17:47:00,145.588,0.157786,0.125678,0.0860878,0.0676394,0.0624968,0.0443974,3.3438823529411764e-08,2.1191428571428573e-06
2011-09-20 17:48:00,146.672,0.162464,0.132542,0.0931752,0.0703866,0.0640342,0.0458836,3.0096470588235296e-08,2.054e-06
2011-09-20 17:49:00,147.756,0.167142,0.139406,0.1002626,0.0731338,0.0655716,0.0473698,2.403882352941177e-08,1.991142857142857e-06
2011-09-20 17:50:00,148.84,0.17182,0.14627,0.10735,0.075881,0.067109,0.048856,2.0783529411764707e-08,1.9252857142857145e-06
2011-09-20 17:51:00,148.19,0.199488,0.156186,0.11695,0.0898208,0.0822572,0.05273,1.9584705882352946e-08,1.867e-06
2011-09-20 17:52:00,147.54,0.227156,0.166102,0.12655,0.1037606,0.0974054,0.0566039999999999,1.7302352941176472e-08,1.8085714285714288e-06
2011-09-20 17:53:00,146.89,0.254824,0.176018,0.13615,0.1177004,0.1125536,0.060478,1.7347058823529413e-08,1.7631428571428572e-06
2011-09-20 17:54:00,146.24,0.2824919999999999,0.185934,0.14575,0.1316401999999999,0.1277018,0.0643519999999999,1.7662352941176473e-08,1.7181428571428572e-06
2011-09-20 17:55:00,145.59,0.31016,0.19585,0.15535,0.14558,0.14285,0.068226,1.6985882352941182e-08,1.676e-06
2011-09-20 17:56:00,145.788,0.29385,0.183148,0.1426374,0.1328675999999999,0.1301392,0.0667788,1.3910588235294118e-08,1.643857142857143e-06
2011-09-20 17:57:00,145.98600000000002,0.27754,0.170446,0.1299247999999999,0.1201551999999999,0.1174284,0.0653316,1.4182352941176473e-08,1.6202857142857144e-06
2011-09-20 17:58:00,146.184,0.26123,0.157744,0.1172121999999999,0.1074427999999999,0.1047176,0.0638844,1.2723529411764706e-08,1.5925714285714285e-06
2011-09-20 17:59:00,146.382,0.24492,0.145042,0.1044996,0.0947303999999999,0.0920068,0.0624372,1.273529411764706e-08,1.562857142857143e-06
2011-09-20 18:00:00,146.58,0.22861,0.13234,0.091787,0.082018,0.079296,0.06099,1.156e-08,1.546e-06
2011-09-20 18:01:00,147.906,0.226998,0.13839,0.0969896,0.0827779999999999,0.0788172,0.0657968,1.4296470588235297e-08,1.533142857142857e-06
2011-09-20 18:02:00,149.232,0.225386,0.14444,0.1021922,0.083538,0.0783384,0.0706036,1.3458823529411765e-08,1.522e-06
2011-09-20 18:03:00,150.55800000000002,0.223774,0.15049,0.1073948,0.084298,0.0778596,0.0754104,8.576e-09,1.5007142857142857e-06
2011-09-20 18:04:00,151.884,0.222162,0.15654,0.1125974,0.085058,0.0773808,0.0802172,9.314470588235294e-09,1.4937142857142858e-06
2011-09-20 18:05:00,153.21,0.22055,0.16259,0.1178,0.085818,0.076902,0.085024,8.123882352941177e-09,1.4857142857142858e-06
2011-09-20 18:06:00,153.596,0.2326639999999999,0.159292,0.115372,0.087833,0.0801556,0.0801334,7.626588235294118e-09,1.4864285714285716e-06
2011-09-20 18:07:00,153.982,0.244778,0.155994,0.112944,0.089848,0.0834092,0.0752428,9.706352941176473e-09,1.4822857142857144e-06
2011-09-20 18:08:00,154.368,0.256892,0.152696,0.110516,0.091863,0.0866628,0.0703522,8.003411764705882e-09,1.4811428571428572e-06
2011-09-20 18:09:00,154.754,0.2690059999999999,0.149398,0.108088,0.093878,0.0899164,0.0654616,8.802117647058824e-09,1.4721428571428572e-06
2011-09-20 18:10:00,155.14,0.28112,0.1461,0.10566,0.095893,0.09317,0.060571,9.887176470588236e-09,1.452e-06
2011-09-20 18:11:00,154.65599999999998,0.264096,0.150972,0.1025766,0.0922112,0.0893216,0.0629942,8.964823529411764e-09,1.445e-06
2011-09-20 18:12:00,154.172,0.2470719999999999,0.155844,0.0994932,0.0885294,0.0854732,0.0654174,9.570705882352941e-09,1.436e-06
2011-09-20 18:13:00,153.688,0.230048,0.160716,0.0964098,0.0848476,0.0816248,0.0678406,9.842e-09,1.434714285714286e-06
2011-09-20 18:14:00,153.204,0.213024,0.165588,0.0933264,0.0811658,0.0777764,0.0702638,1.2155294117647058e-08,1.432e-06
2011-09-20 18:15:00,152.72,0.196,0.17046,0.090243,0.077484,0.073928,0.072687,6.9484705882352946e-09,1.4229142857142855e-06
2011-09-20 18:16:00,149.56,0.204894,0.159836,0.0875678,0.0754068,0.0720174,0.070942,8.21435294117647e-09,1.4222571428571428e-06
2011-09-20 18:17:00,146.4,0.213788,0.149212,0.0848926,0.0733296,0.0701068,0.069197,7.355294117647059e-09,1.4090857142857142e-06
2011-09-20 18:18:00,143.23999999999998,0.222682,0.138588,0.0822174,0.0712524,0.0681962,0.067452,9.052235294117648e-09,1.4057e-06
2011-09-20 18:19:00,140.07999999999998,0.231576,0.127964,0.0795422,0.0691752,0.0662856,0.065707,7.084117647058824e-09,1.4043e-06
2011-09-20 18:20:00,136.92,0.24047,0.11734,0.076867,0.067098,0.064375,0.063962,9.570705882352941e-09,1.4070142857142858e-06
2011-09-20 18:21:00,137.01,0.215768,0.112155,0.072163,0.062394,0.059671,0.0556906,9.139647058823533e-09,1.413814285714286e-06
2011-09-20 18:22:00,137.1,0.1910659999999999,0.10697,0.067459,0.05769,0.054967,0.0474192,1.0610588235294117e-08,1.4451428571428573e-06
2011-09-20 18:23:00,137.19,0.166364,0.101785,0.062755,0.052986,0.050263,0.0391477999999999,1.1831764705882352e-08,1.4775714285714287e-06
2011-09-20 18:24:00,137.28,0.141662,0.0965999999999999,0.058051,0.048282,0.045559,0.0308764,1.5214117647058822e-08,1.5071428571428573e-06
2011-09-20 18:25:00,137.37,0.11696,0.091415,0.053347,0.043578,0.040855,0.022605,1.784470588235294e-08,1.5591428571428574e-06
2011-09-20 18:26:00,137.42000000000002,0.131208,0.105664,0.0674276,0.053374,0.049457,0.0261817999999999,2.0783529411764707e-08,1.6288571428571429e-06
2011-09-20 18:27:00,137.47,0.145456,0.1199129999999999,0.0815082,0.06317,0.058059,0.0297586,2.4535294117647065e-08,1.6954285714285717e-06
2011-09-20 18:28:00,137.52,0.159704,0.134162,0.0955888,0.072966,0.066661,0.0333354,2.391176470588235e-08,1.7190000000000002e-06
2011-09-20 18:29:00,137.57,0.173952,0.148411,0.1096694,0.082762,0.075263,0.0369122,2.3767058823529413e-08,1.724714285714286e-06
2011-09-20 18:30:00,137.62,0.1882,0.16266,0.12375,0.092558,0.083865,0.040489,2.6072941176470592e-08,1.7525714285714288e-06
2011-09-20 18:31:00,136.036,0.187284,0.161744,0.12271,0.088365,0.078793,0.0474239999999999,2.727647058823529e-08,1.7948571428571428e-06
2011-09-20 18:32:00,134.452,0.186368,0.160828,0.12167,0.084172,0.073721,0.054359,2.553058823529412e-08,1.7987142857142858e-06
2011-09-20 18:33:00,132.868,0.185452,0.159912,0.12063,0.079979,0.068649,0.0612939999999999,2.5168235294117645e-08,1.777714285714286e-06
2011-09-20 18:34:00,131.284,0.184536,0.158996,0.11959,0.075786,0.063577,0.068229,2.349529411764706e-08,1.740714285714286e-06
2011-09-20 18:35:00,129.7,0.18362,0.15808,0.11855,0.071593,0.058505,0.075164,2.0328235294117653e-08,1.7125714285714288e-06
2011-09-20 18:36:00,130.48399999999998,0.213916,0.176622,0.1116994,0.0721802,0.0611652,0.0688848,1.9969411764705885e-08,1.6857142857142858e-06
2011-09-20 18:37:00,131.268,0.244212,0.195164,0.1048488,0.0727674,0.0638254,0.0626056,1.9155294117647066e-08,1.6614285714285714e-06
2011-09-20 18:38:00,132.052,0.274508,0.213706,0.0979982,0.0733546,0.0664856,0.0563264,1.971647058823529e-08,1.6381428571428572e-06
2011-09-20 18:39:00,132.836,0.304804,0.232248,0.0911476,0.0739418,0.0691458,0.0500472,2.033058823529412e-08,1.6314285714285715e-06
2011-09-20 18:40:00,133.62,0.3351,0.25079,0.084297,0.074529,0.071806,0.043768,1.6849411764705884e-08,1.632714285714286e-06
2011-09-20 18:41:00,133.56,0.297374,0.224818,0.0840098,0.0742416,0.0715186,0.0414824,1.926735294117648e-08,1.6514464285714288e-06
2011-09-20 18:42:00,133.5,0.259648,0.198846,0.0837226,0.0739542,0.0712312,0.0391968,2.1685294117647066e-08,1.6701785714285716e-06
2011-09-20 18:43:00,133.44,0.221922,0.172874,0.0834354,0.0736668,0.0709438,0.0369112,2.4103235294117645e-08,1.6889107142857143e-06
2011-09-20 18:44:00,133.38,0.184196,0.1469019999999999,0.0831482,0.0733794,0.0706564,0.0346256,2.6521176470588235e-08,1.707642857142857e-06
2011-09-20 18:45:00,133.32,0.14647,0.12093,0.082861,0.073092,0.070369,0.03234,2.8939117647058824e-08,1.7263750000000005e-06
2011-09-20 18:46:00,133.122,0.1710499999999999,0.133824,0.0800834,0.068291,0.065004,0.030716,3.135705882352941e-08,1.745107142857143e-06
2011-09-20 18:47:00,132.924,0.19563,0.146718,0.0773058,0.06349,0.059639,0.029092,3.3775e-08,1.7638392857142858e-06
2011-09-20 18:48:00,132.726,0.22021,0.159612,0.0745282,0.058689,0.054274,0.027468,3.619294117647058e-08,1.7825714285714283e-06
2011-09-20 18:49:00,132.52800000000002,0.24479,0.172506,0.0717506,0.053888,0.048909,0.025844,4.02235294117647e-08,1.8501428571428568e-06
2011-09-20 18:50:00,132.33,0.26937,0.1854,0.068973,0.049087,0.043544,0.02422,4.257529411764706e-08,1.8795714285714288e-06
2011-09-20 18:51:00,132.95600000000002,0.250264,0.176026,0.066618,0.0485566,0.0435224,0.0355467999999999,4.462823529411765e-08,1.9118571428571427e-06
2011-09-20 18:52:00,133.58200000000002,0.231158,0.166652,0.064263,0.0480262,0.0435008,0.0468736,4.8316470588235296e-08,1.9561428571428573e-06
2011-09-20 18:53:00,134.208,0.212052,0.157278,0.061908,0.0474958,0.0434792,0.0582004,4.687058823529413e-08,1.9752857142857144e-06
2011-09-20 18:54:00,134.834,0.192946,0.1479039999999999,0.059553,0.0469654,0.0434576,0.0695272,4.438352941176471e-08,1.9741428571428574e-06
2011-09-20 18:55:00,135.46,0.17384,0.13853,0.057198,0.046435,0.043436,0.080854,4.3797647058823536e-08,1.9688571428571428e-06
2011-09-20 18:56:00,135.368,0.16331,0.1299353999999999,0.057198,0.046435,0.043436,0.0695272,4.2077647058823524e-08,1.953714285714286e-06
2011-09-20 18:57:00,135.276,0.15278,0.1213408,0.057198,0.046435,0.043436,0.0582004,3.868705882352941e-08,1.9252857142857145e-06
2011-09-20 18:58:00,135.184,0.14225,0.1127461999999999,0.057198,0.046435,0.043436,0.0468735999999999,3.518705882352941e-08,1.893857142857143e-06
2011-09-20 18:59:00,135.092,0.13172,0.1041516,0.057198,0.046435,0.043436,0.0355467999999999,2.883058823529412e-08,1.848857142857143e-06
2011-09-20 19:00:00,135.0,0.12119,0.095557,0.057198,0.046435,0.043436,0.02422,2.6072941176470592e-08,1.8041428571428567e-06
2011-09-20 19:01:00,136.332,0.196834,0.1341336,0.0777284,0.0557495999999999,0.049568,0.0261461999999999,2.1027058823529413e-08,1.779857142857143e-06
2011-09-20 19:02:00,137.664,0.272478,0.1727101999999999,0.0982588,0.0650641999999999,0.0557,0.0280723999999999,1.9788235294117653e-08,1.7417142857142858e-06
2011-09-20 19:03:00,138.996,0.348122,0.2112868,0.1187891999999999,0.0743788,0.061832,0.0299986,1.4589411764705882e-08,1.7161428571428573e-06
2011-09-20 19:04:00,140.328,0.423766,0.2498633999999999,0.1393196,0.0836934,0.067964,0.0319247999999999,1.2464705882352942e-08,1.682e-06
2011-09-20 19:05:00,141.66,0.49941,0.28844,0.15985,0.093008,0.074096,0.033851,1.2330588235294118e-08,1.654142857142857e-06
2011-09-20 19:06:00,140.986,0.477552,0.2776039999999999,0.142985,0.0845187999999999,0.0679975999999999,0.0319247999999999,1.1967058823529412e-08,1.6311428571428573e-06
2011-09-20 19:07:00,140.31199999999998,0.455694,0.266768,0.12612,0.0760296,0.0618991999999999,0.0299986,1.5764705882352942e-08,1.607e-06
2011-09-20 19:08:00,139.638,0.433836,0.255932,0.1092549999999999,0.0675404,0.0558008,0.0280723999999999,1.1674470588235297e-08,1.5897142857142858e-06
2011-09-20 19:09:00,138.964,0.411978,0.2450959999999999,0.09239,0.0590512,0.0497023999999999,0.0261461999999999,1.468e-08,1.5832857142857144e-06
2011-09-20 19:10:00,138.29,0.39012,0.23426,0.075525,0.050562,0.043604,0.02422,2.2094117647058825e-08,1.5868571428571429e-06
2011-09-20 19:11:00,137.572,0.346264,0.21645,0.0718596,0.0497366,0.0435703999999999,0.02422,2.5258823529411773e-08,1.5845714285714285e-06
2011-09-20 19:12:00,136.85399999999998,0.302408,0.1986399999999999,0.0681942,0.0489112,0.0435368,0.02422,2.474235294117648e-08,1.579857142857143e-06
2011-09-20 19:13:00,136.136,0.258552,0.18083,0.0645288,0.0480858,0.0435032,0.02422,2.7112941176470596e-08,1.5880000000000003e-06
2011-09-20 19:14:00,135.41799999999998,0.214696,0.16302,0.0608634,0.0472604,0.0434696,0.02422,2.5484705882352945e-08,1.5962857142857143e-06
2011-09-20 19:15:00,134.7,0.17084,0.14521,0.057198,0.046435,0.043436,0.02422,2.430470588235294e-08,1.599e-06
2011-09-20 19:16:00,135.05599999999998,0.241328,0.180964,0.0809344,0.062256,0.0570488,0.0285628,2.2229411764705883e-08,1.6021428571428572e-06
2011-09-20 19:17:00,135.41199999999998,0.311816,0.216718,0.1046708,0.078077,0.0706616,0.0329056,2.3043529411764705e-08,1.5960000000000005e-06
2011-09-20 19:18:00,135.768,0.382304,0.252472,0.1284072,0.093898,0.0842744,0.0372484,2.212e-08,1.587857142857143e-06
2011-09-20 19:19:00,136.124,0.452792,0.288226,0.1521436,0.109719,0.0978872,0.0415912,2.1235294117647065e-08,1.5947142857142855e-06
2011-09-20 19:20:00,136.48,0.52328,0.32398,0.17588,0.12554,0.1115,0.045934,2.4309411764705892e-08,1.6030000000000002e-06
2011-09-20 19:21:00,135.15,0.442862,0.2782953999999999,0.1521436,0.109719,0.0978872,0.0415912,2.4716470588235294e-08,1.601e-06
2011-09-20 19:22:00,133.82,0.362444,0.2326108,0.1284072,0.093898,0.0842744,0.0372484,2.2425882352941176e-08,1.6161428571428574e-06
2011-09-20 19:23:00,132.49,0.282026,0.1869262,0.1046708,0.078077,0.0706616,0.0329056,2.164235294117648e-08,1.6162857142857143e-06
2011-09-20 19:24:00,131.16,0.201608,0.1412416,0.0809344,0.062256,0.0570488,0.0285628,2.137058823529412e-08,1.6265714285714289e-06
2011-09-20 19:25:00,129.83,0.12119,0.095557,0.057198,0.046435,0.043436,0.02422,2.1027058823529413e-08,1.6381428571428572e-06
2011-09-20 19:26:00,130.434,0.145886,0.0960284,0.057198,0.046435,0.043436,0.025141,2.8695294117647064e-08,1.6507142857142857e-06
2011-09-20 19:27:00,131.038,0.170582,0.0964998,0.057198,0.046435,0.043436,0.026062,2.4174117647058824e-08,1.674571428571429e-06
2011-09-20 19:28:00,131.642,0.195278,0.0969712,0.057198,0.046435,0.043436,0.026983,2.461058823529412e-08,1.679e-06
2011-09-20 19:29:00,132.246,0.219974,0.0974426,0.057198,0.046435,0.043436,0.0279039999999999,2.4083529411764703e-08,1.700714285714286e-06
2011-09-20 19:30:00,132.85,0.24467,0.097914,0.057198,0.046435,0.043436,0.028825,2.6298823529411764e-08,1.7492857142857146e-06
2011-09-20 19:31:00,131.56799999999998,0.245282,0.0988952,0.0581787999999999,0.0474158,0.0444166,0.028219,3.556705882352941e-08,1.8135714285714288e-06
2011-09-20 19:32:00,130.286,0.245894,0.0998764,0.0591596,0.0483966,0.0453972,0.027613,3.9032941176470593e-08,1.887e-06
2011-09-20 19:33:00,129.004,0.246506,0.1008575999999999,0.0601404,0.0493774,0.0463778,0.027007,4.3885882352941174e-08,1.9490000000000003e-06
2011-09-20 19:34:00,127.722,0.247118,0.1018388,0.0611212,0.0503582,0.0473584,0.0264009999999999,4.3885882352941174e-08,2.004e-06
2011-09-20 19:35:00,126.44,0.24773,0.10282,0.062102,0.051339,0.048339,0.025795,4.834235294117649e-08,2.0337142857142857e-06
2011-09-20 19:36:00,126.598,0.237264,0.1018715999999999,0.0611212,0.0503582,0.0473584,0.0253721999999999,4.628235294117648e-08,2.0632857142857147e-06
2011-09-20 19:37:00,126.756,0.226798,0.1009231999999999,0.0601404,0.0493774,0.0463778,0.0249494,4.4609411764705886e-08,2.077428571428572e-06
2011-09-20 19:38:00,126.914,0.216332,0.0999748,0.0591596,0.0483966,0.0453972,0.0245266,4.6594117647058826e-08,2.090142857142857e-06
2011-09-20 19:39:00,127.072,0.205866,0.0990264,0.0581787999999999,0.0474158,0.0444166,0.0241038,4.9491764705882366e-08,2.098e-06
2011-09-20 19:40:00,127.23,0.1954,0.098078,0.057198,0.046435,0.043436,0.023681,4.1896470588235296e-08,2.0882857142857144e-06
2011-09-20 19:41:00,127.324,0.200506,0.0980636,0.057198,0.046435,0.043436,0.0237224,4.090235294117648e-08,2.0975714285714285e-06
2011-09-20 19:42:00,127.418,0.205612,0.0980492,0.057198,0.046435,0.043436,0.0237638,4.148117647058824e-08,2.111714285714286e-06
2011-09-20 19:43:00,127.512,0.210718,0.0980347999999999,0.057198,0.046435,0.043436,0.0238052,4.420235294117647e-08,2.1262857142857143e-06
2011-09-20 19:44:00,127.606,0.215824,0.0980204,0.057198,0.046435,0.043436,0.0238466,4.5197647058823535e-08,2.144e-06
2011-09-20 19:45:00,127.7,0.22093,0.098006,0.057198,0.046435,0.043436,0.023888,4.9435294117647066e-08,2.1681428571428576e-06
2011-09-20 19:46:00,125.692,0.21233,0.1088648,0.0629508,0.0521878,0.0491886,0.031317,4.5287058823529417e-08,2.1872857142857147e-06
2011-09-20 19:47:00,123.684,0.20373,0.1197235999999999,0.0687036,0.0579405999999999,0.0549412,0.038746,4.8316470588235296e-08,2.200142857142857e-06
2011-09-20 19:48:00,121.676,0.19513,0.1305824,0.0744564,0.0636934,0.0606938,0.046175,4.4835294117647065e-08,2.2102857142857143e-06
2011-09-20 19:49:00,119.668,0.18653,0.1414412,0.0802092,0.0694462,0.0664464,0.053604,4.183058823529411e-08,2.2030000000000003e-06
2011-09-20 19:50:00,117.66,0.17793,0.1523,0.085962,0.075199,0.072199,0.061033,4.1896470588235296e-08,2.1974285714285715e-06
2011-09-20 19:51:00,118.494,0.166582,0.1409514,0.0802092,0.0694462,0.0664464,0.0536704,4.3705882352941175e-08,2.2020000000000003e-06
2011-09-20 19:52:00,119.328,0.155234,0.1296028,0.0744563999999999,0.0636934,0.0606938,0.0463077999999999,4.703176470588236e-08,2.240428571428572e-06
2011-09-20 19:53:00,120.162,0.143886,0.1182542,0.0687036,0.0579406,0.0549412,0.0389452,1.0062588235294118e-07,2.606e-06
2011-09-20 19:54:00,120.996,0.132538,0.1069056,0.0629508,0.0521878,0.0491886,0.0315826,1.2468235294117646e-07,2.9802857142857145e-06
2011-09-20 19:55:00,121.83,0.12119,0.095557,0.057198,0.046435,0.043436,0.02422,1.1582235294117649e-07,3.018e-06
2011-09-20 19:56:00,121.136,0.126142,0.0987656,0.0600915999999999,0.0493288,0.0463296,0.0271135999999999,1.2743529411764706e-07,3.1440000000000003e-06
2011-09-20 19:57:00,120.442,0.131094,0.1019742,0.0629851999999999,0.0522226,0.0492232,0.0300071999999999,1.5763529411764708e-07,3.369714285714286e-06
2011-09-20 19:58:00,119.748,0.136046,0.1051828,0.0658787999999999,0.0551163999999999,0.0521168,0.0329008,1.9263529411764706e-07,3.675857142857143e-06
2011-09-20 19:59:00,119.054,0.140998,0.1083914,0.0687724,0.0580102,0.0550104,0.0357944,1.945294117647059e-07,3.809714285714286e-06
2011-09-20 20:00:00,118.36,0.14595,0.1116,0.071666,0.060904,0.057904,0.038688,1.9747058823529413e-07,3.866857142857143e-06
